NaN NaN
121.7622 29.96607                                                               
121.8033 30.01315                                                               
121.8252 30.04154                                                               
121.8556 30.08259                                                               
NaN NaN
121.8936 30.13642                                                               
121.922 30.17131                                                                
121.9595 30.22154                                                               
121.9909 30.25426                                                               
122.0277 30.28722                                                               
122.062 30.32413                                                                
122.1019 30.36218                                                               
122.1281 30.39551                                                               
122.1535 30.42436                                                               
122.1608 30.42895                                                               
NaN NaN
122.2082 30.48523                                                               
122.2472 30.51697                                                               
122.281 30.55025                                                                
122.3338 30.60495                                                               
122.3569 30.63223                                                               
122.3811 30.65939                                                               
122.413 30.69929                                                                
122.4644 30.75138                                                               
122.4932 30.77977                                                               
122.5041 30.78573                                                               
NaN NaN
121.4135 40.69716                                                               
121.4585 40.7072                                                                
121.5313 40.72805                                                               
121.6125 40.75438                                                               
121.6879 40.77488                                                               
121.7878 40.81469                                                               
121.8409 40.84748                                                               
121.8833 40.8695                                                                
121.9139 40.88729                                                               
121.9377 40.90212                                                               
121.9403 40.90276                                                               
NaN NaN
120.2088 39.58187                                                               
120.252 39.59425                                                                
120.2809 39.60796                                                               
120.3103 39.62436                                                               
120.3504 39.65434                                                               
120.392 39.69329                                                                
120.4156 39.72573                                                               
120.4538 39.7586                                                                
120.474 39.77766                                                                
120.5053 39.79749                                                               
120.5548 39.83199                                                               
120.6026 39.86299                                                               
120.6261 39.87989                                                               
120.6607 39.89753                                                               
120.7041 39.92345                                                               
120.7397 39.94646                                                               
120.7741 39.97688                                                               
120.8012 40.02808                                                               
120.8268 40.0703                                                                
120.8668 40.1184                                                                
120.8942 40.14948                                                               
120.9256 40.19659                                                               
120.9532 40.23585                                                               
120.9745 40.2666                                                                
120.9911 40.29143                                                               
121.0159 40.32821                                                               
121.0402 40.355                                                                 
121.0717 40.40117                                                               
121.1109 40.43559                                                               
121.1479 40.47844                                                               
121.1964 40.53016                                                               
121.2371 40.56532                                                               
121.2762 40.5979                                                                
121.3136 40.62789                                                               
121.3441 40.65401                                                               
121.3701 40.6751                                                                
121.394 40.70462                                                                
121.407 40.71517                                                                
121.4385 40.75303                                                               
121.4564 40.77675                                                               
121.4795 40.80177                                                               
NaN NaN
121.9577 40.80598                                                               
121.9284 40.79446                                                               
121.8929 40.76991                                                               
121.8198 40.73558                                                               
121.7701 40.7006                                                                
121.7313 40.67727                                                               
121.6924 40.65392                                                               
121.6356 40.61964                                                               
121.5929 40.59484                                                               
121.5446 40.56604                                                               
121.5079 40.54699                                                               
121.4542 40.52235                                                               
121.4011 40.4867                                                                
121.3607 40.44698                                                               
121.3411 40.41977                                                               
121.3117 40.37254                                                               
121.2903 40.32815                                                               
121.2635 40.28796                                                               
121.2313 40.25195                                                               
121.1867 40.20074                                                               
121.1462 40.15826                                                               
121.1173 40.12645                                                               
121.0608 40.0691                                                                
121.0288 40.01844                                                               
120.9958 39.98337                                                               
120.9578 39.93327                                                               
120.9247 39.89638                                                               
120.8984 39.86428                                                               
120.8567 39.8273                                                                
120.8214 39.79152                                                               
120.7803 39.7499                                                                
120.7315 39.69898                                                               
120.7015 39.67268                                                               
120.6743 39.64794                                                               
120.6492 39.62847                                                               
120.6237 39.6072                                                                
120.5988 39.58861                                                               
120.5581 39.56242                                                               
120.5153 39.53093                                                               
120.4762 39.49998                                                               
120.4513 39.48137                                                               
120.43 39.4551                                                                  
120.4086 39.42794                                                               
120.389 39.39694                                                                
120.3734 39.3683                                                                
120.3687 39.36875                                                               
NaN NaN
121.8869 40.57512                                                               
121.8353 40.56229                                                               
121.7662 40.54123                                                               
121.6705 40.5028                                                                
121.5873 40.45756                                                               
121.525 40.41924                                                                
121.4796 40.38556                                                               
121.426 40.34721                                                                
121.3606 40.28998                                                               
121.3355 40.25966                                                               
121.3176 40.235                                                                 
121.293 40.20006                                                                
121.2697 40.1586                                                                
121.2589 40.1323                                                                
121.254 40.11179                                                                
121.2285 40.07875                                                               
121.2048 40.04828                                                               
121.1811 40.0178                                                                
121.1506 39.97612                                                               
121.1131 39.94336                                                               
121.0796 39.91932                                                               
121.0535 39.89545                                                               
121.0224 39.86385                                                               
120.9983 39.83704                                                               
120.971 39.80597                                                                
120.947 39.77274                                                                
120.9171 39.74739                                                               
120.8757 39.71861                                                               
120.8383 39.69216                                                               
120.7852 39.65812                                                               
120.7381 39.63077                                                               
120.6993 39.6026                                                                
120.6442 39.56322                                                               
120.6033 39.52884                                                               
120.5778 39.49935                                                               
120.5449 39.45504                                                               
120.497 39.3994                                                                 
120.4587 39.35833                                                               
120.4204 39.31635                                                               
120.4006 39.29176                                                               
120.3812 39.26896                                                               
120.3671 39.242                                                                 
120.3529 39.22144                                                               
120.3449 39.20942                                                               
120.3436 39.20863                                                               
NaN NaN
122.0743 40.71231                                                               
121.9546 40.63372                                                               
121.7455 40.48952                                                               
121.5581 40.34552                                                               
121.4044 40.22799                                                               
121.2765 40.14238                                                               
NaN NaN
121.008 39.82969                                                                
121.0949 39.83287                                                               
121.1829 39.83497                                                               
121.2722 39.83779                                                               
NaN NaN
120.4263 39.1843                                                                
120.782 39.29861                                                                
120.9914 39.3856                                                                
121.1088 39.42771                                                               
NaN NaN
119.2737 39.31929                                                               
119.3272 39.32196                                                               
119.3977 39.33407                                                               
119.4614 39.34856                                                               
119.5398 39.37175                                                               
119.6182 39.3949                                                                
NaN NaN
119.5984 39.28265                                                               
119.6423 39.27783                                                               
119.7075 39.27838                                                               
119.7433 39.27607                                                               
119.7951 39.27596                                                               
119.8442 39.28154                                                               
119.9043 39.30343                                                               
119.9497 39.33851                                                               
119.9861 39.37805                                                               
120.0445 39.42559                                                               
120.1039 39.4794                                                                
NaN NaN
119.8915 38.83277                                                               
119.927 38.86053                                                                
119.9646 38.89358                                                               
119.9918 38.9212                                                                
120.0221 38.94577                                                               
120.063 38.98396                                                                
120.1096 39.0353                                                                
120.1356 39.06939                                                               
120.1676 39.10382                                                               
120.1897 39.12914                                                               
120.2013 39.14904                                                               
120.2178 39.19131                                                               
120.2391 39.23313                                                               
120.26 39.28045                                                                 
120.2935 39.33023                                                               
120.3239 39.39034                                                               
120.3476 39.43191                                                               
120.3826 39.47514                                                               
120.4289 39.52824                                                               
120.4749 39.57222                                                               
120.5277 39.6128                                                                
NaN NaN
117.6988 38.48794                                                               
117.8794 38.53177                                                               
117.9313 38.52783                                                               
117.9587 38.52757                                                               
NaN NaN
120.0464 37.9297                                                                
119.9855 37.82031                                                               
119.9568 37.77275                                                               
119.9322 37.72114                                                               
119.9145 37.69081                                                               
119.879 37.65942                                                                
NaN NaN
119.879 37.65942                                                                
119.7971 37.54094                                                               
119.7475 37.4624                                                                
119.7244 37.43438                                                               
NaN NaN
120.2959 39.08625                                                               
120.291 39.05658                                                                
120.2604 39.00835                                                               
120.2259 38.95865                                                               
120.1938 38.91602                                                               
120.1704 38.868                                                                 
120.1365 38.83558                                                               
120.1033 38.79303                                                               
120.0772 38.75712                                                               
120.0451 38.72086                                                               
120.0231 38.69551                                                               
119.9938 38.66171                                                               
119.9702 38.63286                                                               
119.9436 38.60063                                                               
119.9238 38.58145                                                               
119.9065 38.56206                                                               
119.9018 38.55518                                                               
119.8993 38.5545                                                                
NaN NaN
120.5797 38.90461                                                               
120.5208 38.87561                                                               
120.4601 38.84951                                                               
120.4033 38.81754                                                               
120.3317 38.76777                                                               
120.2797 38.73528                                                               
120.2173 38.69736                                                               
120.1632 38.65863                                                               
120.1195 38.62439                                                               
120.0878 38.59814                                                               
120.0535 38.5703                                                                
120.0384 38.55802                                                               
120.0384 38.55802                                                               
NaN NaN
120.6376 38.74088                                                               
120.6082 38.72274                                                               
120.483 38.68286                                                                
120.3661 38.64115                                                               
120.2736 38.60158                                                               
120.2111 38.57738                                                               
120.1135 38.54185                                                               
NaN NaN
120.6339 38.75495                                                               
120.5888 38.67804                                                               
120.5792 38.65614                                                               
120.5519 38.61403                                                               
120.5297 38.56684                                                               
120.5035 38.5237                                                                
120.4789 38.47583                                                               
120.4582 38.42942                                                               
120.4448 38.39142                                                               
120.4287 38.35826                                                               
120.4093 38.31992                                                               
120.4027 38.29406                                                               
120.4003 38.27876                                                               
120.3976 38.26257                                                               
120.3877 38.23063                                                               
NaN NaN
119.8113 37.84933                                                               
119.8895 37.97181                                                               
119.979 38.12788                                                                
120.1069 38.35065                                                               
120.1911 38.48976                                                               
120.2256 38.5486                                                                
NaN NaN
120.0384 38.55802                                                               
120.0657 38.46687                                                               
120.0894 38.40528                                                               
120.1086 38.3313                                                                
NaN NaN
120.0794 38.31213                                                               
120.1368 38.32133                                                               
120.2273 38.3438                                                                
120.3217 38.37497                                                               
120.3982 38.40508                                                               
120.4415 38.4219                                                                
NaN NaN
118.9093 37.58346                                                               
118.9282 37.61744                                                               
118.9571 37.66334                                                               
118.9861 37.70923                                                               
119.0168 37.75953                                                               
119.0378 37.79058                                                               
119.073 37.82953                                                                
119.1005 37.85636                                                               
119.1721 37.91038                                                               
119.1959 37.92747                                                               
119.2362 37.95224                                                               
119.2699 37.97211                                                               
119.3712 37.98417                                                               
119.3956 37.99661                                                               
119.4298 38.00361                                                               
119.4586 38.00651                                                               
119.4813 38.00723                                                               
119.4813 38.00723                                                               
NaN NaN
119.4306 37.82641                                                               
119.4396 37.85482                                                               
119.4605 37.90774                                                               
119.486 37.96754                                                                
119.5177 38.03683                                                               
119.5371 38.07891                                                               
119.5632 38.11856                                                               
119.5816 38.15343                                                               
119.5952 38.18051                                                               
119.6148 38.21617                                                               
NaN NaN
119.4745 37.95396                                                               
119.4905 37.95801                                                               
119.5182 37.96922                                                               
119.564 37.98244                                                                
119.6156 38.00243                                                               
119.6588 38.02134                                                               
119.6904 38.03399                                                               
119.7191 38.04324                                                               
119.7509 38.04945                                                               
119.7933 38.0556                                                                
119.8226 38.06112                                                               
119.8625 38.06565                                                               
119.8867 38.06889                                                               
119.9121 38.07201                                                               
119.9256 38.07441                                                               
119.9456 38.07346                                                               
NaN NaN
119.1613 37.86021                                                               
119.1796 37.85587                                                               
119.2051 37.85273                                                               
119.2433 37.84665                                                               
119.2722 37.84228                                                               
119.3077 37.83459                                                               
119.3434 37.82778                                                               
119.3842 37.82415                                                               
119.4215 37.82083                                                               
119.453 37.81801                                                                
119.4813 37.8173                                                                
119.5187 37.82216                                                               
119.5458 37.82976                                                               
119.584 37.84                                                                   
119.6073 37.8452                                                                
119.6392 37.84504                                                               
119.6743 37.84275                                                               
119.7144 37.84182                                                               
119.7587 37.83775                                                               
119.7972 37.8342                                                                
119.8228 37.83183                                                               
119.8427 37.82999                                                               
119.8637 37.82804                                                               
119.8637 37.82804                                                               
NaN NaN
119.4344 37.74024                                                               
119.4543 37.73115                                                               
119.499 37.72256                                                                
119.5759 37.71561                                                               
119.6535 37.71312                                                               
119.686 37.71745                                                                
119.7168 37.72559                                                               
119.7444 37.73675                                                               
119.7907 37.75349                                                               
119.8164 37.75933                                                               
119.8263 37.76207                                                               
119.8298 37.76175                                                               
NaN NaN
119.4268 37.6496                                                                
119.4579 37.65229                                                               
119.5168 37.65977                                                               
119.5854 37.66908                                                               
119.6401 37.67963                                                               
119.6824 37.68581                                                               
119.729 37.68975                                                                
119.7685 37.69342                                                               
119.8214 37.69949                                                               
119.8322 37.70032                                                               
119.8333 37.70021                                                               
NaN NaN
119.0328 37.68148                                                               
119.0795 37.67836                                                               
119.1379 37.6742                                                                
119.2194 37.66707                                                               
119.269 37.65906                                                                
119.3174 37.65113                                                               
119.3602 37.6455                                                                
119.36 37.6446                                                                  
NaN NaN
118.9872 37.56857                                                               
119.0321 37.57748                                                               
119.0983 37.58727                                                               
119.161 37.58911                                                                
119.2261 37.59161                                                               
119.2803 37.5914                                                                
119.3269 37.5955                                                                
119.3591 37.59811                                                               
119.3591 37.59811                                                               
NaN NaN
119.4565 37.80948                                                               
119.4472 37.78658                                                               
119.427 37.73816                                                                
119.4124 37.69563                                                               
119.3921 37.64631                                                               
119.3807 37.60897                                                               
119.3669 37.57094                                                               
119.3537 37.53741                                                               
119.3457 37.50708                                                               
119.338 37.47854                                                                
119.3304 37.45912                                                               
119.3303 37.45822                                                               
NaN NaN
117.7996 38.98592                                                               
117.8094 38.97791                                                               
117.8485 38.96587                                                               
117.879 38.96084                                                                
117.9259 38.95275                                                               
117.9538 38.94608                                                               
117.9877 38.93075                                                               
118.0145 38.91595                                                               
118.0421 38.89836                                                               
118.0664 38.87462                                                               
118.1052 38.84248                                                               
118.1461 38.80833                                                               
118.1827 38.76904                                                               
118.2149 38.74192                                                               
118.2494 38.71371                                                               
118.2787 38.69226                                                               
118.3118 38.67233                                                               
118.3382 38.65565                                                               
118.3825 38.63937                                                               
118.4191 38.62733                                                               
118.4593 38.6159                                                                
118.5077 38.60379                                                               
118.5332 38.59808                                                               
118.5624 38.59389                                                               
118.5734 38.59573                                                               
118.5753 38.59193                                                               
NaN NaN
118.5926 38.62243                                                               
118.6095 38.62378                                                               
118.6589 38.62704                                                               
118.7035 38.62976                                                               
118.7472 38.63526                                                               
118.8045 38.64328                                                               
118.8473 38.65065                                                               
118.9001 38.6526                                                                
118.9408 38.65283                                                               
118.9752 38.65174                                                               
119.0074 38.65085                                                               
119.0393 38.64904                                                               
119.0547 38.64774                                                               
119.0734 38.64522                                                               
119.0728 38.64072                                                               
NaN NaN
118.3903 38.73991                                                               
118.3928 38.76706                                                               
118.4094 38.79216                                                               
118.423 38.82116                                                                
118.4413 38.84156                                                               
118.4782 38.87505                                                               
118.5193 38.90365                                                               
118.5731 38.92026                                                               
118.6177 38.93032                                                               
118.6627 38.93486                                                               
118.7 38.93635                                                                  
118.7374 38.93784                                                               
118.7924 38.93695                                                               
118.8524 38.93744                                                               
118.8761 38.93546                                                               
118.8951 38.92567                                                               
118.9104 38.90707                                                               
118.9214 38.88425                                                               
118.9335 38.85954                                                               
118.9526 38.83422                                                               
118.9698 38.8045                                                                
118.9857 38.78218                                                               
119.0041 38.76057                                                               
119.0125 38.74435                                                               
119.0166 38.73944                                                               
NaN NaN
119.0038 38.69219                                                               
119.0559 38.73793                                                               
119.1636 38.81171                                                               
119.2304 38.85886                                                               
NaN NaN
118.9305 38.24049                                                               
119.1098 38.35473                                                               
NaN NaN
119.5806 38.70397                                                               
119.5674 38.55455                                                               
NaN NaN
119.5611 38.82708                                                               
119.7978 38.80848                                                               
NaN NaN
119.295 39.01105                                                                
119.3204 38.98787                                                               
119.341 38.9733                                                                 
119.3649 38.95663                                                               
119.4013 38.92789                                                               
119.43 38.91899                                                                 
119.4738 38.91512                                                               
119.5347 38.91338                                                               
119.5827 38.91367                                                               
119.6095 38.91674                                                               
119.6095 38.91674                                                               
NaN NaN
118.8284 39.04609                                                               
118.8503 39.03151                                                               
118.8753 39.02213                                                               
118.9088 39.01295                                                               
118.9452 39.00717                                                               
118.9863 39.00098                                                               
119.0137 38.99958                                                               
119.0429 39.00257                                                               
119.0749 39.00807                                                               
119.1198 39.01154                                                               
119.1542 39.0086                                                                
119.1836 39.00426                                                               
119.2322 38.97635                                                               
119.2597 38.95938                                                               
119.297 38.93608                                                                
119.3246 38.92                                                                  
119.3558 38.8963                                                                
119.3558 38.8963                                                                
NaN NaN
119.1251 38.23114                                                               
119.1218 38.08542                                                               
NaN NaN
119.1888 38.09786                                                               
119.4765 38.09439                                                               
NaN NaN
118.9752 38.21297                                                               
118.9881 38.21187                                                               
119.0267 38.21588                                                               
119.0779 38.22517                                                               
119.1358 38.24755                                                               
119.1614 38.25994                                                               
119.1973 38.27782                                                               
119.2319 38.29488                                                               
119.2799 38.31351                                                               
119.3259 38.32682                                                               
119.3725 38.3364                                                                
119.4379 38.3443                                                                
119.4756 38.34917                                                               
119.5116 38.34322                                                               
119.5116 38.34322                                                               
NaN NaN
119.521 38.40537                                                                
119.5656 38.37763                                                               
119.6337 38.33224                                                               
119.6983 38.27982                                                               
119.7581 38.236                                                                 
119.7963 38.20602                                                               
119.8406 38.16176                                                               
NaN NaN
119.4962 38.28069                                                               
119.5001 38.30682                                                               
119.5233 38.34217                                                               
119.5558 38.37578                                                               
119.5984 38.41303                                                               
119.6376 38.43597                                                               
119.683 38.46016                                                                
119.6996 38.46687                                                               
119.7495 38.48881                                                               
119.7732 38.49577                                                               
119.7902 38.50518                                                               
119.8186 38.5117                                                                
119.8384 38.51628                                                               
119.8528 38.51678                                                               
119.853 38.51768                                                                
NaN NaN
119.2711 38.41557                                                               
119.2935 38.41362                                                               
119.3336 38.41101                                                               
119.3802 38.41238                                                               
119.4561 38.41754                                                               
119.4988 38.42468                                                               
119.5332 38.43896                                                               
119.574 38.46451                                                                
119.6133 38.49566                                                               
119.6598 38.51886                                                               
119.6981 38.54278                                                               
119.7399 38.56636                                                               
119.7518 38.5735                                                                
119.7518 38.5735                                                                
NaN NaN
119.7832 38.71487                                                               
119.9385 38.79649                                                               
120.0686 38.86841                                                               
120.1522 38.91901                                                               
NaN NaN
119.7904 38.61471                                                               
120.0282 38.74252                                                               
NaN NaN
119.6765 38.65063                                                               
119.7816 38.57352                                                               
119.8746 38.51843                                                               
119.9567 38.44873                                                               
NaN NaN
119.7399 38.60471                                                               
119.8522 38.56615                                                               
119.9612 38.53051                                                               
120.0566 38.49969                                                               
NaN NaN
122.4533 31.43406                                                               
122.2102 31.27549                                                               
NaN NaN
122.1629 31.24192                                                               
121.8574 31.06111                                                               
NaN NaN
121.8309 31.05238                                                               
121.699 31.00584                                                                
NaN NaN
121.1184 32.50494                                                               
121.169 32.5094                                                                 
121.2344 32.51586                                                               
121.309 32.52489                                                                
121.3552 32.52975                                                               
121.4037 32.53436                                                               
121.4434 32.53992                                                               
121.47 32.54696                                                                 
121.4702 32.54786                                                               
NaN NaN
121.5337 32.55619                                                               
121.5849 32.57047                                                               
121.6359 32.59023                                                               
121.6883 32.61805                                                               
121.7289 32.64173                                                               
121.7737 32.66399                                                               
121.8281 32.6897                                                                
121.8632 32.70665                                                               
121.9033 32.72668                                                               
121.9309 32.7381                                                                
121.9463 32.74361                                                               
NaN NaN
121.1329 37.79478                                                               
121.1773 37.77736                                                               
121.2377 37.75643                                                               
121.3075 37.72898                                                               
121.3566 37.71191                                                               
121.3914 37.70091                                                               
121.4306 37.68851                                                               
121.4589 37.68093                                                               
121.4587 37.68003                                                               
NaN NaN
120.7524 37.94149                                                               
120.7911 37.9248                                                                
120.8374 37.91099                                                               
120.8873 37.89039                                                               
120.9283 37.87342                                                               
120.9739 37.85596                                                               
121.0197 37.83939                                                               
121.0631 37.82303                                                               
NaN NaN
121.5373 37.65607                                                               
121.6417 37.63111                                                               
121.7063 37.60854                                                               
121.8566 37.57013                                                               
