O S 0 1227.52 0.01 1228.02 _0.01l 1228.07 ！0.05 5230.0 9.0 5327.6
1 S 0 612.99 0.01 612.99 0.00 612.99 0. 1970.0 18.8 11499.0
2 S 0 398.55 0.05 398.33 0.06 398.30 0.06 1170.0 15.0 12111.6
3 5 0 305.811 0.05 305.70 0.05 305.65 0.06 8711.0 15.0 1083.11
11 S 0 2113.67 0.06 2113.56 0.011 2113.119 0.07 989.0 9.9 969.1
5 S 0 2011.61 0.05 2011.711 ！0.07 2011.65 ！0.02 8211.0 16.8 920.8
6 S 0 1711.25 0.06 1711.21 0.03 1711.12 0.07 933.0 15.0 913.1
O S 2 3233.25 0.01 3233.314 ！0.00 3233.115 ！0.01 1163.0 17.8 509.6 7.086
0 5 3 21314.67 0.02 21314.22 0.02 21314.1414 0.01 1421.0 17.5 1117.14 6.9011
O S 4 15115.60 0.05 15115.43 0.01 15145.73 ！0.01 355.0 18.2 373.1 7.596
O S 5 1190.13 0.05 1189.88 0.02 1190.19 ！0.00 352.0 32.1 355.5 7.929
0 5 6 963.18 0.05 963.20 ！0.00 963.51 ！0.03 357.0 25.0 3117.3 7.906
0 S 7 811.145 0.05 811.83 ！0.05 812.16 ！0.09 330.0 12.8 3142.0 7.566
OS 8 707.66 0.05 707.47 0.03 707.83 ！0.02 338.0 5.0 337.3 6.9514
05 9 633.89 0.05 633.61 0.014 6311.01！0.02 319.0 5.0 332.7 6.239
0 S 11 536.89 0.05 536.911 ！0.01 537.35 ！0.09 315.0 5.0 322.1 5.254
OS 12 502.36 0.05 502.112！0.01 502.83 ！0.09 306.0 5.0 315.2 4.997
O S 13 1473.17 0.05 1473.28 ！0.02 1473.68 ！0.11 299.0 5.0 307.2 11.813
0 S 14 14148.21 0.05 448.15 0.01 4148.53 ！0.07 290.0 5.0 298.3 14.665
0 S 15 1426.15 0.05 426.19 ！0.01 426.55 ！0.10 295.0 5.0 288.8 4.533
O S 16 406.76 0.05 406.80 ！0.01 407.15 ！0.09 278.0 5.0 278.9 14.1411
0 S 17 389.30 0.05 389.55 ！0.06 389.87 ！0.15 273.0 5.0 268.9 4.298
0 5 18 373.94 0.05 374.07 ！0.04 3714.37 ！0.12 282.0 5.0 259.1 14.193
0 S 19. 360.14 0.05 360.11 0.01 360.38 ！0.07 255.0 5.0 2149.7 4.097
0 S 20 347.50 0.05 347.42 0.02 3147.67 ！0.05 231.0 5.0 240.8 4.011
05 21 335.81 0.05 335.83 ！0.01 336.06 ！0.07 237.0 5.0 232.14 3.9314
0 S 22 325.06 0.05 325.18 ！0.04 325.38 ！0.10 228.0 5.0 2214.8 3.866
0 S 23 315.30 0.05 315.34 ！0.01 315.51 ！0.07 216.0 5.0 217.7 3.808
0 S 214 306.20 0.05 306.20 0.00 306.35 ！0.05 219.0 5.0 211.3 3.758
OS 25 297.67 0.05 297.68 ！0.00 297.81 ！0.04 207.0 5.0 205.14 3.716
0 S 26 289.67 0.05 289.70 ！0.01 289.80 ！0.05 202.0 5.0 200.0 3.681
O S 27 282.21 0.05 282.20 0.00 282.28 ！0.03 203.0 5.0 195.1 3.652
0 5 28 275.11 0.05 275.13 ！0.01 275.19 ！0.03 199.0 5.0 190.7 3.629
O S 29 268.43 0.05 268.414 ！0.00 268.148 ！0.02 191.0 5.0 186.6 3.611
0 S 30 262.09 0.05 262.09 0.00 262.11 ！0.01 188.0 5.0 182.9 3.597
O 5 31 256.02 0.05 256.06 ！0.02 256.06 ！0.01 1814.0 5.0 179.5 3.586
OS 32 250.29 0.05 250.32 ！0.01 250.29 ！0.00 180.0 5.0 176.4 3.578
OS 33 2414.88 0.05 2414.83 0.02 2414.79 0.04 177.0 5.0 173.14 3.573
OS 34 239.62 0.05 239.59 0.01 239.53 0.04 173.0 5.0 170.7 3.570
OS 35 2311.600.05 234.57 0.01 234.49 0.05 172.0 5.0 168.2 3.568
05 36 229.79 0.05 229.76 0.01 229.66 0.06 170.0 5.0 165.9 3.568
O 5 37 225.17 0.05 225.14 0.01 225.02 0.07 167.0 5.0 163.6 3.569
OS 38 220.71.0.05 220.70 0.00 220.56 0.07 162.0 5.0 161.6 3.571
0 S 39 216.45 0.05 216.43 0.01 216.27 0.08 161.0 5.0 159.6 3.573
0 S 40 212.35 0.05 212.32 0.02 212.15 0.10 159.0 5.0 157.7 3.577
05 111 208.33 0.05 208.35 ！0.01 208.17 0.08 156.0 5.0 156.0 3.580
O 5 142 204.56 0.05 204.53 0.02 2014.33 0.11 155.0 5.0 154.3 3.584
0 S 143 200.90 0.05 200.85 0.02 200.63 0.13 154.0 5.0 152.7 3.588
0 S 1114 197.31 0.05 197.28 0.01 197.05 0.13 152.0 5.0 151.2 3.593
0 S 45 193.91 0.05 193.84 0.03 193.60 0.16 151.0 5.0 149.7 3.597
O S 46 190.56 0.05 190.51 0.02 190.25 0.16 1117.0 5.0 148.3 3.602
0 S 47 187.33 0.05 187.29 0.02 187.02 0.17 1144.0 5.0 146.9 3.606
0 5 148 1814.21 0.05 1814.18 0.02 183.89 0.17 139.0 5.0 145.7 3.611
0 S 149 181.16 0.05 181.16 ！0.00 180.86 0.17 136.0 5.0 144.4 3.615
O S 50 178.28 0.05 178.214 0.02 177.92 0.20 133.0 5.0 1143.2 3.620
O 5 51 175.36 0.05 175.140 ！0.02 175.07 0.17 1314.0 5.0 1142.1 3.6214
O S 52 172.59 0.05 172.65 ！O.O~4 172.31 0.16 136.0 5.0 140.9 3.629
OS 53 169.99 0.05 169.98 0.00 169.63 0.21 139.0 5.0 139.9 3.633
05 514 167.1410.05 167.39 0.01 167.03 0.22 136.0 5.0 138.8 3.637
O 5 55 1614.88 0.05 1614.88 0.00 1614.51 0.23 1314.0 5.0 137.8 3.6141
OS 56 162.1420.05 162.1414！0.01 162.05 0.22 133.0 5.0 136.9 3.6145
O 5 57 160.11 0.05 160.06 0.03 159.67 0.28 131.0 5.0 135.9 3.6149
O S 58 157.75 0.05 157.76 ！0.00 157.35 0.25 135.0 3.653
O 5 59 155.38 0.05 155.51 ！0.09 155.10 0.18 1314.1 3.656
O 5 60 153.214 0.05 153.33 ！0.06 152.91 0.22 133.3 3.660
O 5 61 151.19 0.05 151.20 ！0.01 150.77 0.28 13?.5 3.663
O S 62 1119.16 0.05 1149.13 0.02 1148.69 0.31 131.7 3.667
O 5 63 1147.114 0.05 1147.12 0.02 1146.67 0.32 130.9 3.670
O 5 614 11414.96 0.09 145.15 ！0.13 11411.70 0.18 130.2 3.673
O S 66 1141.22 0.09 1141.37 ！0.11 1140.91 0.22 128.9 3.679
O S 67 139.73 0.11 139.56 0.12 139.08 0.146 128.2 3.682
O S 68 137.914 0.11 137.78 0.12 137.30 0.147 127.6 3.685
O S 69 136.19 0.12 136.05 0.10 135.57 0.46 127.0 3.688
0 5 70 1314.148 0.12 1314.36 0.09 133.87 0.45 126.11 3.691
O S 71 132.79 0.13 132.71 0.06 132.21 0.143 125.8 3.6914
O 5 72 131.114 0.13 131.10 0.03 130.60 0.141 125.3 3.696
O S 73 129.50 0.13 129.53 ！0.03 129.02 0.37 1214.8 3.699
0 S 714 127.89 0.12 127.99 ！0.08 127.148 0.32 1211.3 3.702
O S 75 126.29 0.11 126.149 ！0.16 125.97 0.25 123.8 3.7014
O 5 76 125.014 0.30 125.03 0.01 1214.50 0.143 127.0 15.0 123.14 3.707
0 S 80 119.51 0.30 119.147 0.03 118.93 0.48 121.8 3.717
O S 85 113.22 0.30 113.17 0.014 112.61 0.53 120.3 3.728
O S 90 107.514 0.30 107.118 0.05 106.91 0.58 119.1 3.739
0 S 100 97.73 0.30 97.63 0.10 97.05 0.70 118.0 3.758
O 5 105 93.46 0.140 93.314 0.13 92.75 0.76 117.9 3.768
O S 110 89.514 0.50 89.140 0.15 88.81 0.81 118.1 3.776
O 5 115 85.91 0.60 85.77 0.16 85.18 0.85 118.6 3.7814
O 5 120 82.57 0.60 82.142 0.19 81.83 0.90 119.3 3.792
O 5 125 79.149 0.70 79.31 0.22 78.73 0.96 120.3 3.799
O S 130 76.60 0.70 76.43 0.23 75.814 0.99 121.14 3.806
O 5 135 73.93 0.80 73.714 0.26 73.16 1.011 122.8 3.812
O 5 1140 71.143 0.80 71.23 0.28 70.66 1.09 1214.3 3.817
O S 1115 69.10 0.80 68.89 0.31 68.32 1.13 126.1 3.822 o 5 150 66.90 0.80 66.69 0.32 66.13 1.16 128.0 3.827
O S 155 611.85 0.80 614.62 0.314 614.07 1.20 130.1 3.831
O S 160 62.91 0.80 62.68 0.36 62.13 1.23 132.3 3.8314
O S 165 61.08 0.80 60.85 0.38 60.31 1.27 1314.8 3.837
1 5 2 11470.85 0.08 11470.98 ！0.01 11471.32 ！0.03 310.3 10.913
1 S 3 1063.96 0.11 10614.014 ！0.01 10614.36 _O.014 282.7 9.881
1 S 4 852.67 0.05 852.63 0.00 852.84 ！0.02 271.1 8.712
1 5 5 730.56 0.06 729.79 0.11 729.83 0.10 291.9 6.975
1 S 6 657.61 0.05 657.02 0.09 657.00 0.09 3145.7 5.1472
1 S 7 603.92 0.05 6014.05 ！0.02 6014.05 ！0.02 4811.0 17.6 37?.2 5.14614
1 S 8 556.03 0.07 555.77 0.05 555.78 0.014 379.4 6.170
1 S 9 509.96 0.05 509.23 0.114 509.23 0.114 380.3 7.039
1 S 10 465.46 0.06 1465.46 0.00 1465.145 0.00 378.3 7.745
1 S 16 299.57 0.05 299.53 0.01 299.52 0.02 165.9 6.363
1 5 17 286.22 0.07 286.22 0. 286.19 0.01 158.5 6.0914
1 5 19 263.63 0.07 263.59 0.02 263.52 0.04 155.6 5.921
1 5 20 253.97 0.07 253.72 0.10 253.63 0.13 155.14 5.879
1 S 22 236.21 0.07 236.17 0.02 236.06 0.06 155.8 5.822
1 S 23 228.142 0.09 228.33 0.014 228.21 0.09 156.1 5.798
1 5 214 220.99 0.07 221.02 ！0.01 220.89 0.05 156.5 5.7714
1 S 26 207.71 0.07 207.80 ~O.o14 207.65 0.03 157.0 5.725
1 5 27 201.70 0.07 201.80 ！0.05 201.614 0.03 157.2 5.697
1 S 28 196.31 0.07 196.17 0.07 196.00 0.16 157.2 5.668
1 S 35 1614.60 0.10 1611.78 ！0.11 164.55 0.03 153.9 5.1402
1 S 36 161.38 0.05 161.20 0.11 160.97 0.26 153.0 5.358
1 S 37 157.67 0.10 157.80 ！0.08 157.56 0.07 152.0 5.313
1 5 38 1514.73 0.05 154.57 0.10 1511.32 0.26 150.9 5.267
1 5 39 151.614 0.07 151.50 0.09 151.24 0.26 149.7 5.221
1 5 140 148.61 0.07 1148.57 0.03 1148.31 0.20 1148.5 5.175
1 5 41 1145.78 0.05 145.77 0.00 1145.51 0.19 1117.2 5.130
1 5 142 1143.12 0.07 143.11 0.01 1142.83 0.20 145.9 5.085
1 5 143 1110.61 0.07 1140.56 0.014 140.27 0.211 144.6 5.041
1 S 44 138.25 0.09 138.12 0.10 137.83 0.30 1143.3 14.998
1 S 50 125.33 0.10 125.41 ！0.07 125.10 0.18 135.8 4.773
1 5 52 121.87 0.05 121.79 0.06 121.46 0.33 133.6 4.712
1 5 53 120.00 0.05 120.07 ！0.06 119.74 0.22 132.5 14.684
1 S 54 118.50 0.10 118.40 0.08 118.08 0.36 131.5 4.658
1 5 55 116.81 0.13 116.79 0.01 116.146 0.30 130.5 14.634
1 5 56 115.32 0.10 115.24 0.07 1114.90 0.36 12916 4.611
1 5 58 112.25 0.10 112.26 ！0.01 111.93 0.29 127.9 14.571
1 5 59 110.91 0.10 110.84 0.06 110.51 0.37 127.1 14.553
1 5 75 92.148 0.10 92.51 ！0.04 92.20 0.31 119.1 4.399
2S 14 724.87 0.05 725.08 ！0.03 725.36 ！0.07 350.0 5.0 380.2 5.336
2 S 5 660.41 0.05 660.12 0.014 660.55 ！0.02 302.2 6.005
2 5 6 594.80 0.05 594.96 ！0.03 595.114 ！0.11 237.9 7.201
2 S 8 488.18 0.05 488.00 0.014 488136 ！0.04 197.7 7.285
2 S 9 1448.35 0.05 448.69 ！0.08 4149.00 ~0.114 188.2 7.069
2 S 10 415.92 0.05 416.17 ！0.06 1416.142 ！0.12 181.2 6.858
2 5 12 365.13 0.05 365.33 ！0.06 365.50 ！0.10 173.3 6.536
2 S 13 31411.72 0.05 344.85 ！0.04 3144.97 ！0.07 1714.3 6.481
2 S 114 326.59 0.05 326.42 0.05 326.51 0.03 188.0 6.685
2 5 15 308.42 0.05 308.56 ！0.04 308.60 ！0.06 2144.0 20.0 258.1 7.6145
2 5 26 179.214 0.05 179.13 0.06 179.40 ！0.09 194.2 6.568
2 5 27 174.03 0.05 174.07 ！0.02 174.33 ！0.17 188.1 6.451
2 5 28 169.29 0.05 169.32 ！0.02 169.58 ！0.17 185.4 6.14114
2 5 29 164.714 0.05 1614.85 ！0.07 165.09 ！0.21 183.1 6.384
2 5 30 160.53 0.05 160.63 ！0.06 160.86 ！0.20 181.0 6.353
2 5 31 156.58 0.05 156.614 ~0.014 156.85 ！0.17 179.1 6.322
2 S 33 149.27 0.05 1149.28 ！0.01 1149.146 ！0.13 175.5 6.256
2 S 34 145.95 0.05 145.88 0.05 146.05 ！0.07 173.9 6.222
2 S 36 139.58 0.05 139.57 0.01 139.71 ！0.09 171.0 6.153
2 S 37 136.66 0.05 136.64 0.02 136.76 ！0.07 169.8 6.118
2 5 38 133.88 0.05 133.85 0.02 133.96 ！0.06 168.6 6.082
2 S 39 131.10 0.05 131.18 ！0.06 131.28 ！0.13 179.0 20.0 167.5 6.047
2 S 40 128.57 0.05 128.64 ！0.05 128.72 ！0.11 166.5 6.013
2 S 42 123.84 0.05¨ 123.87 ！0.02 123.92 ！0.06 164.8 5.944
2 S 143 121.65 0.05 121.63 0.01 121.67 ！0.02 1614.0 5.910
2 S 44 119.49 0.05 119.149 0. 119.52 ！0.02 163.3 5.877
2 S 45 117.34 0.05 117.43 ！0.08 117.145 ！0.09 162.6¨ 5.8414
2 S 448 111.87 0.20 111.73 0.13 111.71 0.14 160.8 5.7145
2 S 149 110.07 0.20 109.96 0.10 109.914 0.12 160.3 5.713
2 S 50 108.37 0.20 108.27 0.10 108.23 0.13 159.7 5.680
2 5 51 106.71 0.20 106.63 0.07 106.59 0.11 159.2 5.647
2 S 58 96.61 0.20 96.65 _0.014 96.57 0.05 155.1 5.1405
2 S 60 914.14 0.20 94.20 ！0.06 94.11 0.03 151.0 20.0 153.8 5.333
2 S 614 89.66 0.20 89.75 ！0.10 89.614 0.02 151.0 5.188
2 S 65 88.65 0.20 88.72 ！0.07 88.61 0.05 150.3 5.152
2 S 66 87.66 0.22 87.71 ！0.06 87.60 0.07 1149.6 5.118
2 S 71 82.97 0.20 83.12 ！0.18 83.00 ！0.03 146.1 14.956
2 S 714 80.53 0.20 80.65 ！0.14 80.52 0.01 144.2 14.872
2 5 76 78.89 0.20 79.10 ！0.26 78.97 ！0.10 1143.1 11.823
3 5 1 1058.10 0.08 1059.40 ！0.12 1059.45 ！0.13 1020.0 20.1 826.9 7.951
3 S 2 9014.30 0.05 904.00 0.03 904.10 0.02 366.6 7.586
3 S 6 392.34 0.05 392.21 0.03 392.30 0.01 275.5 5.572
3 S 8 3514.41 0.05 3514.66 ！0.07 3514.79 ！0.11 263.6 5.297
3 S 9 338.97 0.05 338.80 0.05 338.96 0.00 258.7 5.292
3 S 11 310.45 0.05 310.1414 0.00 310.64 ！0.06 2149.9 5.542
3 S 12 297.145 0.05 297.144 0.01 297.66 ！0.07 2145.14 5.723
3 S 13 285.10 0.05 285.11 ！0.00 285.35 ！0.09 2140.9 5.902
3 S 114 273.33 0.05 273.144 ~0.014 273.70 ！0.14 236.2 6.063
3 5 15 262.42 0.05 262.1414 ！0.01 262.71 ！0.11 231.5 6.197
3 5 16 252.17 0.05 252.09 0.03 252.38 ！0.08 226.9 6.303
3 S 17 242.46 0.05 242.39 0.03 2112.69 ！0.09 222.4 6.382
3 S 18 233.25 0.05 233.32 ！0.03 233.63 ！0.16 218.1 6.1438
3 S 19 2214.99 0.05 224.85 0.06 225.15 ！0.07 213.9 6.476
3 5 20 216.99 0.05 216.93 0.03 217.214 ！0.11 229.0 20.0 210.1 6.1198
3 S 21 209.63 0.05 209.53 0.05 209.84 ！0.10 206.4 6.509
3 S 22 202.69 0.05 202.61 0.04 202.92 ！0.11 203.0 6.512
3 S 23 196.18 0.06 196.114 0.02 196.44 ！0.13 200.1 6.511
3 S 214 190.07 0.05 190.07 0. 190.35 ！0.15 198.0 6.516
3 S 25 184.32 0.06 1814.32 0.00 184.56~！0.13 207.0 6.708
3 S 141 113.35 0.05 113.38 ！0.03 113.50 ！O.1¨l 227.3 6.261
3 5 42 111.41 0.05 111.41 0.00 111.53 ！0.11 224.5 6.232
3 S 43 109.42 0.06 109.51 ！0.08 109.614 ！0.20 221.8 6.204
3 S 144 107.77 0.05 107.68 0.08 107.81 ！0.04 219.1 6.178
3 S 145 106.00 0.06 105.92 0.08 106.05 ！0.05 216.6 6.153
3 S 46 104.20 0.10 1014.23 ！0.03 1014.36 ！0.15 2144.1 6.130
3 S 147 102.51 0.06 102.59 ！0.08 102.72 ！0.21 211.7 6.108
3 S 48 101.08 0.05 101.01 0.07 101.114 ！0.06 209.14 6.087
3 5 149 99.146 0.08 99.148 ！0.02 99.61 ！0.15 207.3 6.066
3 5 50 97.99 0.05 98.00 ！0.01 98.13 ！0.114 205.2 6.0146
3 S 53 93.73 0.06 93.85 ！0.13 93.97 ！0.26 199.7 5.989
3 S 56 90.10 0.05 90.07 0.014 90.17 ！0.08 195.1 5.933
3 S 57 88.83 0.05 88.88 ！0.06 88.98 ！0.17 193.8 5.915
3 S 58 87.65 0.05 87.73 ！0.09 87.82 ！0.20 192.6 5.897
3 S 63 82.38 0.10 82.143 ！0.06 82.50 ！0.14 187.7 5.815
3 S 67 78.76 0.10 78.68 0.11 78.72 0.05 185.1 5.757
3 S 70 76.11 0.10 76.10 0.01 76.13 ！0.03 183.7 5.717
3 S 73 73.78 0.10 73.70 0.11 73.72 0.08 182.4 5.676
14 5 2 580.81 0.12 580.62 0.03 580.59 0.04 14311.2 13.261
｀4 3 3 1489.04 0.07 488.05 0.20 488.02 0.21 1480.2 13.386
14 S 4 439.17 0.11 438.68 0.11 1138.73 0.10 290.2 5.018
14 5 5 1414.62 0.06 14114.69 ！0.02 14111.76 ！0.03 282.14 5.5314
4 S 9 269.63 0.05 269.63 ！0.00 269.61 0.01 339.0 6.613
14 S 10 258.75 0.05 258.76 ！0.01 258.76 ！0.00 302.14 5.975
14 5 11 2149.38 0.05 2149.35 0.01 2149.36 0.01 2814.6 5.7144
~4S 12 240.78 0.05 2140.79 ！0.00 2140.82 ！0.01 2714.5 5.681
I4 5 13 232.75 0.05 232.82 ！0.03 232.85 ！0.04 268.2 5.713
14 5 114 225.08 0.05 225.27 ！0.08 225.31 ！0.10 288.0 20.0 2614.3 5.8014
14 5 15 218.19 0.05 218.07 0.05 218.11 0.03 261.8 5.930
4 S 16 211.214 0.05 211.16 0.04 211.21 0.02 260.3 6.071
14 5 17 204.66 0.05 O¨4.53 0.06 2014.58 0.014 259.5 6.212
14 S 18 198.16 0.05 198.16 ！0.00 198.22 ！0.03 259.1 6.3143
14 5 19 191.96 0.05 192.07 ！0.06 192.13 ！0.09 291.0 20.0 258.9 6.1457
14 5 20 186.33 0.05 186.25 0.011 186.31 0.01 258.9 6.552
14 5 214 165.68 0.05 165.67 0.01 165.714 ！0.03 258.8 6.735
14 5 30 141.97 0.05 1141.97 0.00 142.05 ！0.05 253.9 6.651
4S 31 138.72 0.05 138.70 0.02 138.78 ！0.05 2611.020.0 252.3 6.618
4 5 32 135.65 0.05 135.59 0.014 135.68 ！0.02 , 250.5 6.583
4S 314 129.87 0.05 129.83 0.03 129.92！0.014 2311.020.0 2146.2 6.509
14 5 35 127.18 0.05 127.15 0.02 127.25 ！0.05 246.0 20.0 243.8 6.1471
14 5 36 1214.66 0.05 1214.59 0.06 1214.69 ！0.02 2141.2 6.1433
14 5 37 122.22 0.05 122.15 0.05 122.26 ！0.03 238.5 6.396
4 S 38 119.87 0.05 119.82 0.014 119.93 ！0.05 235.8 6.360
4 S 39 117.65 0.05 117.58 0.06 117.69 ！0.014 233.0 6.325
4 S 40 115.142 0.05 115.¨1~4 ！0.01 115.55 ！0.11 230.7 6.305
14 S 63 76.65 0.10 76.67 ！0.03 76.69 ！0.05 237.14 6.221
5 5 3 14~1~7~0.05 460.90 ！0.03 460.911 ！0.03 292.14 3.870
5 S 11 1420.36 0.05 420.25 0.03 420.20 0.014 1489.1 13.233
5 5 5 369.92 0.05 369.91 0.00 369.814 0.02 502.5 12.722
5 5 6 332.11 0.05 332.15 ！0.01 332.07 0.01 506.3 11.853
5S 7 303.98 0.05 303.88 0.03 303.79 0.06 1496.020.0 1192.810.1158
5 S 8 283.56 0.05 283.64 ！0.03 283.57 ！0.00 1118.2 8.272
5 5 11 2214.145 0.05 224.39 0.03 224.25 0.09 3714.7 9~735
5 S 13 203.09 0.05 203.07 0.01 202.91 0.09 386.1 8.850
5 S 114 1914.61 0.05 194.68 ！0.03 1914.52 0.05 371.6 8.118
5 S 19 166.78 0.05 166.79 ！0.00 166.73 0.03 2814.7 6.399
5 S 20 162.145 0.05 162.144 0.00 162.140 0.03 279.14 6.1415
5 S 23 150.57 0.05 150.58 ！0.00 15O.5¨4 0.02 268.8 6.516
5 S 214 1146.98 0.05 146.96 0.01 1146.93 0.03 265.9 6.534
5 S 25 143.59 0.05 1143.52 0.05 143.148 0.08 263.0 6.5140
5 S 26 1140.25 0.05 1140.23 0.02 1140.19 0.011 260.0 6.532
5 5 27 137.12 0.05 137.09 0.02 137.05 0.05 257.0 6.513
5 5 28 1314.08 0.05 1314.10 ！0.02 1314.06 0.01 253.9 6.1485
5 5 29 131.18 0.05 131.25 ！0.06 131.21 ！0.03 250.8 6.1452
5 5 30 128.149 0.05 128.514 ！0.03 128.50 ！0.00 2148.0 20.0 247.9 6.1418
5 5 31 125.90 0.05 125.914 ！0.03 125.91 ！0.01 2145.1 6.386
5 5 32 123.140 0.05 123.116 ！0.05 123.143 ！0.02 242.6 6.357
5 5 33 121.02 0.05 121.09 ！0.05 121.06 ！0.03 2140.14 6.335
5 5 34 118.76 0.05 118.81 ！0.05 118.78 ！0.02 238.6 6.320
5 S 35 116.65 0.05 116.62 0.02 116.59 0.05 237.1 6.312
5 S 36 114.57 0.05 114.52 0.014 114.149 0.07 236.0 6.310
5 5 37 112.55 0.05 112.118 0.06 112.45 0.09 235.3 6.315
5 S 38 110.57 0.05 110.52 0.05 110.49 0.08 223.0 20.0 2314.9 6.325
5 S 39 108.66 0.05 108.62 0.014 108.59 0.07 2314.8 6.339
5 S 140 106.84 0.05 106.77 0.06 106.75 0.08 234.9 6.355
5 5 41 105.06 0.05 1014.99 0.07 104.97 0.09 235.3 6.372
5 5 42 103.36 0.05 103.26 0.10 103.214 0.12 235.9 6.389
5 5 43 101.69 0.05 101.58 0.11 101.56 0.12 236.5 6.1406
5 5 414 100.09 0.05 99.95 0.114 99.914 0.15 237.3 6.1421
5 ~ 145 98.45 0.05 98.37 0.08 98.36 0.09 238.1 6.1434
5 5 46 97.01 0.05 96.814 0.18 96.83 0.19 239.0 6.1445
5 5 47 95.51 0.05 95.35 0.17 95.314 0.18 239.8 6.453
5 5 51 89.91 0.05 89.82 0.10 89.81 0.11 2142.3 6.455
6 S 9 252.63 0.07 252.19 0.18 252.10 0.21 292.0 20.0 320.6 9.638
6 5 114 185.15 0.05 1811.814 0.17 184.80 0.19 259.3 7.368
6 5 15 178.76 0.07 178.149 0.15 178.141 0.19 272.2 8.002
6 5 16 172.29 0.05 172.16 0.07 172.05 0.14 287.9 8.1118
6 S 17 166.09 0.06 166.08 0.01 165.93 0.10 300.8 8.571
6 5 18 160.146 0.07 160.37 0.05 160.20 0.16 309.0 8.5140
6 5 19 155.08 0.05 155.10 ！0.01 1514.91 0.11 312.7 8.389
6 5 20 150.13 0.05 150.28 ！O.~1O 150.07 0.014 312.2 8.158
6 5 21 1145.75 0.05 1145.88 ！0.09 1145.67 0.05 308.0 7.875
6 S 22 141.87 0.05 1141.88 ！0.01 1141.67 0.114 300.8 7.572
6 5 23 138.23 0.05 138.214 ！0.01 138.03 0.15 292.0 7.288
6 5 214 1314.82 0.05 1314.90 ！0.06 1314.69 0.09 282.9 7.053
6 5 25 131.80 0.05 131.80 ！0.00 131.61 0.15 274.7 6.882
6 5 26 128.79 0.05 128.90 ！0.09 128.72 0.06 267.9 6.771
6 5 27 125.96 0.05 126.16 ！0.16 125.99 ！0.02 262.4 6.707
6 5 28 123.149 0.05 123.55 ！0.05 123.39 0.08 258.3 6.677
6 5 29 121.01 0.05 121.06 _O.014 120.90 0.09 255.2 6.669
6 5 30 118.75 0.07 118.66 0.07 118.51 0.20 253.0 6.673
6 S 31 116.40 0.07 116.36 0.014 116.21 0.16 251.5 6.684
6 5 33 112.06 0.07 111.99 0.06 111.85 0.18 , 250.0 6.708
6 5 34 109.90 0.07 109.92 ！0.02 109.79 0.10 249.7 6.716
6 5 35 107.96 0.07 107.93 0.03 107.80 0.15 2149.6 6.720
6 5 36 106.06 0.07 106.01 0.05 105.88 0.17 249.6 6.718
6 5 37 104.18 0.07 1014.15 0.02 1014.03 0.114 2149.7 6.711
6 5 38 102.38 0.07 102.37 0.01 102.214 0.13 2149.7 6.698
6 5 39 100.68 0.07 100.614 0.014 100.52 0.16 2149.7 6.680
6 5 40 98.97 0.07 98.98 ！0.01 98.86 0.11 249.6 6.657
6 S 142 95.80 0.07 95.814 ！0.04 95.72 0.09 2149.1 6.598
6 S 143 914.32 0.07 914.35 ！0.03 94.23 0.10 248.6 6.563
6 5 148 87.62 0.07 87.66 ！0.05 87.55 0.08 24¨4.7 6.360
6 S 149 86.141 0.07 86.46 ！0.06 86.35 0.07 214358 6.321
6 5 51 84.07 0.07 814.17 ！0.12 814.06 0.01 2111.9 6.251
6 5 52 82.99 0.07 83.08 ！0.11 82.97 0.02 241.1 6.222
6 5 53 81.93 0.07 82.02 ！0.11 81.92 0.02 240.4 6.198
6 5 55 79.95 0.07 79.99 ！0.06 79.90 0.07 239.2 6.164
6 5 56 78.92 0.07 79.02 ！0.13 78.93 ！0.01 238.9 6.156
6 5 57 77.97 0.07 78.07 ！0.13 77.98 ！0.01 238.7 6.152
6 5 58 77.11 0.07 77. 114 _O.O14 77.06 0.07 238.7 6.153
6 5 59 76.20 0.07 76.214 ！0.05 76.16 0.06 238.8 6.158
6 S 60 75.33 0.07 75.35 ！0.03 75.28 0.07 239.0 6.167
6 S 61 711.~I6 0.07 74.49 ！0.03 714.141 0.06 239.4 6.179
7 5 2 397.37 0.05 397.25 0.03 397.22 0.014 3141.14 15.311
7 S 14 293.25 0.05. 292.98 0.09 292.914 0.11 333.8 7.703
7 S 5 273.43 0.05 273~214 0.07 273.20 0.09 1477.14 11.638
7 5 6 252.66 0.05 252.61 0.02 252.56 0.011 504.3 12.075
7 5 7 236.04 0.05 235.97 0.03 235.93 0.05 1415.1 10.086
7 5 8 2214.36 0.10 224.59 ！0.10 2214.56 ！0.09 321.5 7.366
7 5 9 216.62 0.10 216.55 0.03 216.52 0.014 281.9 6.167
7 S 10 209.142 0.10 209.714 ！0.15 209.72 ！0.15 266.3 5.938
7 5 11 203.09 0.10 203.38 ~0.114 203.36 ！0.13 258.14 6.046
7 S 12 197.12 0.10 197.20 ~0.014 197.18 ！0.03 254.1 6.3114
7 S 18 147.82 0.07 147.79 0.02 1147.76 0.014 2141.0 6.1414
7 5 20 1141.23 0.07 1141.20 0.02 1141.17 0.014 239.2 6.507
7 S 21 138.06 0.07 137.98 0.06 137.93 0.09 240.1 6.7143
7 S 22 134.81 0.07 134.78 0.02 134.73 0.06 2142.3 6.992
7 S 24 128.57 0.07 .128.53 0.03 128.144 0.10 2149.2 7.3914
7 5 25 125.48 0.07 125.52 ！O.0~4 125.42 0.05 252.5 7.507
7 5 28 117.21 0.07 117.18 0.02 117.03 0.15 258.0 7.5149
7 S 29 114.65 0.07 1114.65 ！0.00 1114.149 0.114 258.4 7.509
7 5 30 112.16 0.07 112.214 ！0.07 112.08 0.07 258.4 7.1459
7 S 35 101 .714 0.07 101.78 ！O.O~4 101.61 0.13 255.9 7.188
7 5 36 99.98 0.07 99.96 0.02 99.79 0.19 255.3 7.137
7 S 37 98.19 0.07 98.21 ！0.02 98.05 0.15 2514.7 7.087
7 5 38 96.51 0.07 96.514 ！0.03 96.37 0.111 254.1 7.038
7 5 39 914~90.07 94.93 ！0.04 914.77 0.13 253.6 6.990
7 5 143 88.99 0.07 89.09 ！0.11 88.914 0.05 251.9 6.828
7 S 145 86.37 0.07 86.47 ！0.11 86.33 0.05 251.6 6.770
7 S 14~ 85.13 0.07 85.22 ！0.11 85.09 0.05 251.5 6.7148
7 ~ ~ 82.76 0.07 82.84 ！0.10 82.72 0.04 251.8 6.716
7 S 55 75.53 0.07 75.51 0.02 75.43 0.14 255.0 6.682
7 S 56 74.59 0.07 714.57 0.02 74.49 0.13 255.6 6.677
7 5 57 73.68 0.07 73.66 0.03 73.58 0.114 256.0 6.671
8 5 1 348.12 0.05 3148.02 0.03 347.98 0.04 930.2 14.177
8 5 5 239.96 0.05 2140.03 ！0.03 239.95 0.01 611.6 12.1457
8 S 6 225.28 0.05 225.47 ！0.08 225.38 ！0.04 1441.0 9.202
8 S 7 215.13 0.05 215.03 0.014 214.95 0.08 351.6 9.011
8 5 9 191.89 0.07 191.87 0.01 191.76 0.07 1483.0 20.0 501.3 12.14148
8 S 15 158.50 0.07 158.30 0.12 158.26 0.15 250.6 5.878
8 S 23 120.87 0.07 120.67 0.16 120.62 0.21 237.8 6.052
8 S 24 118.67 0.07 118.48 0.16 118.143 0.20 237.5 6.176
8 S 29 108.08 0.07 108.02 0.06 107.98 0.09 243.1 6.895
8 5 30 106.04 0.07 106.02 0.01 105.98 0.05 2414.9 7.019
8 S 32 102.20 0.07 102.16 0.014 102.12 0.08 248.5 7.219
8 S 38 91.81 0.07 91.79 0.02 91.73 0.09 256.1 7.1435
8 5 41 87.28 0.07 87.33 ！0.05 87.26 0.03 257.9 7.400
8 5 146 80.79 0.07 80.85 ！0.08 80.78 0.01 258.5 7.2147
8 5 147 79.78 0.07 79.69 0.12 79.61 0.21 258.3 7.208
8 5 148 78.57 0.07 78.56 0.01 78.149 0.11 257.9 7.167
9 S 3 281.39¨O.O5 281.30 0.03 281.23 0.06 777.7 13.266
9 5 14 258.10 0.07 257.87 0.09 257.80 0.12 515.2 13.197
9 5 6 216.37 0.05 216.141 ！0.02 216.37 0. 331.1 8.510
9 S 7 205.16 0.05 205.23 ！0.011 205.18 ！0.01 489.9 11.072
9 S 8 194.22 0.07 1914.38 ！0.08 194.314 ！0.06 1472.3 10.581
9 5 11 170.01 0.05 169.90 0.07 169.80 0.12 1413.9 11.972
9 S 12 161.64 0.05 161.62 0.01 161.50 0.09 ｀ 1465.0 12.017
9 S 13 1514.30 0.07 1514.24 0.014 1514.10 0.13 4814.6 11.659
9 5 114 1147.87 0.05 1147.75 0.08 1147.60 0.18 14811.7 11.062
9 5 15 1142.23 0.05 1112.25 ！0.02 142.10 0.09 1430.1 9.635
9 S 18 132.147 0.07 132.40 ~0.O5 132.33 0.11 255.9 5.860
9 5 19 129.87 0.07 129.90 ！0.02 129.83 0.03 248.2 5.797
9 S 29 100.32 0.07 100.27 0.05 100.20 0.12 243.14 6.373
9 5 35 91.16 0.07 91.18 ！0.02 91.13 0.03 242.7 6.8511
9 5 37 88.149 0.07 88.39 0.11 88.35 0.16 241.6 6.956
10 5 2 2147.714 0.05 2147.99 ！0.10 2147.96 ！0.09 192.14 20.1486
10 S 10 161.65 0.05 161.53 0.08 161.49 0.10 376.2 10.6114
10 5 13 145.146 0.07 145.147 ！0.00 145.142 0.03 277.7 6.861
10 5 114 142.06 0.05 142.07 ！0.01 1112.02 0.03 259.1 6.1491
10 5 17 130.314 0.05 130.28 0.05 130.13 0.16 387.5 10.14414
10 5 18 126.00 0.05 125.97 0.02 125.81 0.15 1410.7 10.1490
10 5 19 121.93 0.05 121.98 ！0.05 121.80 0.10 1411.8 10.218
10 5 20 118.37 0.05 118.39 ！0.02 118.21 0.114 390.5 9.599
10 5 21 115.20 0.05 115.30 ！0.09 115.12 0.07 342.3 8.1457
10 S 28 95.58 0.07 95.59 ！0.01 95.143 0.15 300.1 7.715
10 5 29 93.90 0.07 93.93 ！0.03 93.78 0.13 279.9 1.180
10 5 31 91.14 0.07 91.00 0.15 90.88 0.28 257.0 6.606
10 5 32 89.78 0.07 89.67 0.13 89.56 0.25 251.1 6.1496
10 S 314 87.21 0.07 87.15 0.07 87.05 0.18 2144.1 6.4141
10 S 36 814.86 0.07 814.76 0.12 814.68 0.22 240.2 6.1489
10 S 37 83.58 0.07 83.61 ！0.03 83.53 0.06 238.9 6.530
10 5 141 79.18 0.07 79.21 ！0.04 79.15 0.014 236.2 6.7314
10 S 44 76.05 0.07 76.13 ！0.11 76.08 ！O.O~1 236.1 6.873
11 5 1 271.36 0.09 271.33 0.01 271.28 0.03 663.6 15.152
11 5 3 223.93 0.05 224.09 ！0.07 2214.02 ！0.O~1 1447?5 10.680
11 5 14 209.55 0.05 209.78 ！0.11 209.70 ！0.07 652.0 20.0 701.6 12.690
11 S 5 197.114 0.05 197.07 0.011 196.99 0.08 665.4 12.013
11 5 6 186.83 0.05 186.86 ！0.01 186.79 0.02 1463.14 10.022
11 5 7. 179.70 0.10 179.714 ！0.02 179.69 0.01 280.6 7.570
11 5 9 155.49 0.05 155.35 0.09 155.22 0.17 627.1 11.9614
11 5 10 1149.03 0.05 148.98 0.03 1118.85 0.12 1426.3 9.1483
11 S 13 1314.99 0.07 1314.82 0.13 1314.76 ＾0.17 1420.14 11.095
11 S 15 126.44 0.07 126.28 0.13 126.22 0.18 332.1 8.3147
11 5 16 123~¨.22 0.07 123.35 ！0.11 123.29 ！0.05 2814.6 6.849
11 5 17 120.89 0.07 120.95 ！0.05 120.88 0.01 261.8 6.11414
11 5 21 112.16 0.07 112.30 ！0.13 112.214 ！0.07 277.3 7.668
11 S 22 109.66 0.07 109.75 ！0.08 109.65 0.00 317.1 8.831
11 5 23 107.15 0.07 107.05 0.09 106.93 0.21 3149.1 9.411
11 5 24 1014.36 0.05 104.38 ！0.02 1014.23 0.12 363.1 9.5014
11 5 31 87.29 0.07 87.142 ！0.15 87.30 ！0.01 335.4 8.641
11 5 32 85.78 0.07 85.81 _O.O1l 85.68 0.12 332.1 8.486
11 5 314 82.87 0.07 82.90 ！0.03 82.75 0.14 307.3 7.81414
11 5 35 81.145 0.07 81.60 ！0.18 81.146 ！0.01 291.9 7.473
11 5 37 79.15 0.07 79.28 ！0.16 79.15 0. 268.3 6.929
11 S 39 77.24 0.07 77.19 0.06 77.08 0.20 255.9 6.708
11 S 140 76.21 0.07 76.21 0.00 76.11 0.114 252.14 6.678
11 S 141 75.21 0.07 75.25 ！0.05 75.15 0.07 250.0 6.678
11 5 143 73.39 0.07 73.140 ！0.01 73.31 0.11 2147.3 6.726
11 5 414 72.53 0.07 72.50 0.014 72.142 0.15 2146.6 6.760
11 S 146 70.68 0.07 70.76 ！0.11 70.68 0. 2145.6 6.8214
12 S 7 170.67 0.05 170.77 ！0.06 170.65 0.01 1423.8 10.271
12 S 10 1145.67 0.05 1115.74 ！0.05 1145.69 ！0.01 330.9 9.171
12 S 11 1110.25 0.05 1140.08 0.12 139.99 0.18 511.1 12.3214
12 S 12 134.214 0.05 1314.114 0.07 1314.03 0.15 570.0 12.859
12 5 13 128.68 0.05 128.59 0.08 128.147 0.17 568.6 12.883
12 S 114 123.57 0.05 123.50 0.06 123.37 0.16 552.7 12.743
12 S 15 118.93 0.05 118.89 0.03 118.75 0.15 5143.2 12.228
12 5 16 115.11 0.05 115.05 0.05 1114.911 0.15 1449.6 10.261
12 S 17 111.79 0.07 111.93 ！0.13 111.814 ！0.014 382.9 9.131
12 5 18 109.39 0.07 109.311 0.05 109.25 0.13 325.3 7.865
12 S 22 102.08 0.07 102.05 0.02 101.99 0.09 253.5 6.027
12 S 23 100.148 0.07 100.50 ！0.02 100.1414 0.014 252.0 6.094
12 5 26 95.80 0.07 95.87 ！0.07 95.82 ！0.02 265.14 6.914
12 S 33 81 .143 0.07 81.142 0.01 81.37 0.07 267.4 6.970
13 5 1 222.27 0.05 222.143 ！0.08 222.35 _O.O11 735.1 114.369
13 S 2 206.57 0.05 206.39 0.09 206.30 0.13 878.5 13.939
13 5 3 192.71 0.05 192.514 0.09 192.45 0.13 908.6 14.039
13 S 8 152.39 0.10 152.59 ！0.13 152.52 ！0.08 278.14 5.358
13 S 12 125.76 0.10 125.71 0.011 125.64 0.10 2147.11 5.134
13 S 14 120.96 0.10 121.08 ！0.10 121.02 ！0.05 285.7 7.587
13 S 18 106.77 0.10 106.71 0.06 1O6.~9 0.17 490.5 12.196
13 S 19 103.141 0.05 103.36 0.05 103.23 0.17 1486.8 11.789
13 S 21 97.65 0.10 97.68 ！0.03 97.54 0.12 14140.0 10.566
13 5 22 95.32 0.10 95.36 _O.O11 95.23 0.10 378.6 9.237
13 S 23 93.62 0.10 93.148 0.15 93.38 0.26 316.8 7.652
13 S 25 90.52 0.10 90.62 ！0.11 90.514 ！0.03 267.8 6.228
13 5 26 89.31 0.10 89.38 ！0.08 89.31 ！0.00 259.6 6.042
13 S 29 85.914 0.10 85.93 0.02 85.87 0.08 251.6 6.073
13 5 37 73.52 0.10 73.51 0.02 73.146 0.09 250.1 6.1431
13 5 38 72.74 0.10 72.63 0.114 72.59 0.20 254.2 6.6314
114 5 14 180.81 0.10 180.145 0.20 180.36 0.25 742.14 13.843
114 5 7 147.79 0.05 1147.65 0.10 1147.59 0.14 330.11 9.582
114 S 8 142.02 0.05 1141.89 0.10 1141.83 0.14 1483.1 12.058
114 5 9 136.13 0.05 135.98 0.11 135.92 0.16 528.14 12.226
114 S 10 131.27 0.10 130.96 0.23 130.91 0.27 388.14 9.760
14 5 17 104.97 0.07 1014.97 0.00 104.92 0.05 316.2 8.2141
114 S 19 99.99 0.05 100.02 ！0.03 99.98 0.01 1106.9 10.022
14 S 25 87.15 0.07 87.30 ！0.17 87.16 ！0.02 1434.3 10.1451
14 S 28 82.07 0.07 82.08 ！0.02 81.914 0.15 331.8 8.221
114 5 31 78.89 0.07 78.79 0.13 78.70 0.214 253.9 6.0314
15 5 3 165.83 0.05 165.69 0.08 165.61 0.13 805.8 14.327
15 S 11 122.85 0.07 122.99 ！0.11 122.87 ！0.02 500.5 11.355
15 S 12 118.59 0.05 118.59 0.00 118.48 0.09 572.3 12.1417
15 S 16 100.69 0.05 100.71 ！0.02 100.59 0.10 538.1 13.254
15 5 18 96.03 0.07 96.07 _O.014 95.99 0.04 281.3 6.5414
15 S 28 80.39 0.07 80.45 ！0.07 80.39 0. 3211.14 8.142
15 S 30 77.63 0.07 77.63 ！0.00 77.53 0.13 392.7 9.538
15 S 31 76.21 0.07 76.22 ！0.01 76.10 0.114 392.2 9.4714
15 S 32 714.83 0.07 714.89 ！0.08 711.77 0.08 371.5 9.071
16 S 5 1116.145 0.05 1146.28 0.12 1146.19 0.18 581.1 12.1415
16 S 6 139.87 0.05 139.79 0.06 139.69 0.13 739.3 12.890
16 S 7 133.90 0.07 133.80 0.08 133.69 0.16 800.0 12.770
16 S 10 118.58 0.05 118.52 0.06 118.143 0.13 7714~3 12.609
16 S 19 91.18 0.07 91.20 ！0.02 91.08 0.11 5143.2 13.0314
16 5 20 88.61 0.07 88.62 ！0.01 88.149 0.114 521.2 12.1457
16 5 25 80.23 0.07 80.23 0.01 80.17 0.07 393.3 9.373
16 S 26 78.81 0.07 78.77 0.05 78.71 0.12 373.6 8.9143
16 S 31 73.61 0.07 73.57 0.06 73.52 0.12 272.9 6.6011
17 S 12 109.11 0.07 109.27 ！0.15 109.19 ！0.07 1462.0 10.800
17S 13 105.93 0.07 105.98 ！0.05 105.89 0.014 553.8¨ 11.501
17 S 114 102.96 0.07 102.96 0. 102.88 0.08 1459.1 10.157
17 5 15 100.148 0.07 100.60 ！0.12 100.52 _O.O14 350.7 8.117
17 S 22 83.514 0.07 83.149 0.07 83.40 0.17 1406.5 10.528
17 S 23 81.61 0.07 81.59 0.03 81.147 0.17 1465.9 11.450
17 5 26 76.147 0.07 76.39 0.11 76.27 0.26 1427.8 10.525
17 S 28 73.56 0.07 73.51 0.07 73.142 0.18 4111.0 9.9614
17 S 29 72.26 0.07 72.22 0.05 72.15 0.16 386.7 9.3149
17 5 30 71.11 0.07 71.08 0.05 71.01 ｀ 0.15 3147.8 8.1476
17 S 31 69.98 0.07 70.07 ！0.13 70.01 ！0.014 3111.6 7.635
18 S 3 1145.28 0.05 1145.10 0.12 1145.00 0.19 851.14 14.056
18 S 14 138.11 0.05 138.10 0.00 138.00 0.08 9143.1 13.726
18 S 15 95.68 0.07 95.65 0.03 95.60 0.08 381.7 9.762
18 S 16 93.28 0.07 93.28 0.00 93.23 0.05 14714.4 11.332
18 S 17 90.814 0.07 90.86 ！0.02 90.81 0.03 480.2 11.169
18 S 25 76.19 0.07 76.11 0.11 76.06 0.17 307.9 7.518
18 5 27 73.62 0.07 73.63 ！0.02 73.59 0.05 1425.14 10.101
19 S 9 110.62 0.05 110.53 0.08 110.43 0.17 612.14 12.165
19 S 10 106.86 0.05 106.87 ！0.00 106.77 0.09 675.8 12.1402
19 5 11 103.66 0.05 103.55 0.10 103.146 0.19 531.14 11.082
19 5 14 93.36 0.07 93.37 ！0.01 93.23 0.13 6116.14 11.600
19 5 15 90.91 0.07 90.99 ！0.09 90.85 0.07 521.3 10.321
20 5 14, 123.18 0.05 123.20 ！0.02 123.12 0.05 782.5 15.087
20 5 5 118.06 0.05 118.014 0.02 117.96 0.08 636.8 12.8144
20 S 15 89.12 0.05 89.12 0.00 89.07 0.06 301.9 6.601
20 5 16 87.39 0.07 87.146 ！0.07 87.140 ！0.01 1458.8 10.1481
20 5 17 85.30 0.07 85.31 ！0.01 85.24 0.07 606.2 12.088
20 S 18 83~160.07 83.114 0.02 83.06 0.12 634.14 12.273
20 S 19 81.12 0.07 81.11 0.01 81.03 0.11 565.7 11.677
20 5 20 79.146 0.07 79.35 0.13 79.28 0.23 1417.9 10.1014
20 5 25 70.75 0.07 70.60 0.22 70.53 0.31 5147.0 12.876
21 5 6 112.96 0.05 112.99 ！0.02 112.87 0.08 739.8 12.736
21 5 7 109.02 0.05 109.01 0.01 108.90 0.11 799.9 12.970
21 S 8 105.37 0.05 105.30 0.07 105.19 0.17 667.3 13.0143
21 5 10 98.70 0.05 98.71 ！0.01 98.60 0.10 833.9 12.812
21 5 11 95.814 0.05 95.75 0.09 95.65 0.20 747.8 12.111
21 S 12 93.32 0.05 93.25 0.08 93.15 0.18 516.9 10.000
22 5 12 89.88 0.07 89.87 0.02 89.81 0.08 309.0 6.971
22 S 13 88.23 0.07 88.114 0.10 88.09 0.16 14142.9 10.365
22 S ill 86.08 0.07 85.98 0.11 85.93 0.18 591.3 12.088
22 S 23 70.88 0.07 70.93 ！0.06 70.89 ！0.02 3914.9 9.572
23 S 14 111.88 0.05 111.814 0.014 111.73 0.13 809.3 13.920
23 5 5 107.57 0.05 107.65 ！0.07 107.514 0.03 899.2 13.971
23 S 7 100.114 0.07 100.114 0.00 100.04 0.09 660.4 13.593
23 S 8 97.06 0.07 96.90 0.16 96.81 0.26 740.2 12.991
.23 5 9 914.16 0.07 914.12 0.04 914.014 0.13 553.6 10.985
23 5 10 92.114 0.07 92.21 ！0.08 92.114 ！0.00 322.0 6.608
23 5 22 69.59 0.07 69.57 0.03 69.149 0.14 509.4 11.659
214 S 10 89.52 0.10 89.62 ！0.11 89.54 ！0.02 4149.2 9.875
214 S 11 87.33 0.10 87.42 ！0.10 87.32 0.01 673.3 12.088
214 5 12 85.06 0.10 85.12 ！0.07 85.02 0.05 1125.0 20.0 7144.1 12.472
214 5 114 80.65 0.10 80.70 ！0.06 80.63 0.03 742.8 12.516
211 5 15 78.63 0.10 78.69 ！0.08 78.62 0.02 8114.6 12.7147
24 5 16 76.71 0.10 76.77 ！0.08 76.70 0.01 795.8 12.532
24 5 17 75.20 0.10 75.10 0.13 75.014 0.22 482.8 9.577
2~l5 18 714.26 0.10 74.19 0.09 74.13 0.18 277.8 5.1146
25 5 1 115.46 0.07 115.511 ！0.07 115.143 0.02 843.4 114.315
25 5 2 110.89 0.05 110.83 0.05 110.73 0.15 787.6 15.431
25 5 3 106.05 0.05 106.11 ！0.05 106.02, 0.03 376.8 16.618
25 5 5 98.65 0.10 98.66 ！0.02 98.57¨ 0.08 766.3 1~4.552
25 S 6 95.32 0.10 95.39 ！0.07 95.29 0.03 7214.1 13.155
25 S 10 811.78 0.10 814.82 ！0.05 84.70 0.09 537.1 10.397
25 S 18 72.99 0.10 72.99 0. 72.93 0.09 574.1 11.733
26 S 8 89.19 0.07 89.25 ！0.07 89.15 0.05 698.3 12.3147
26 S 9 86.82 0.07 86.76 0.06 86.67 0.17 325.0 14.111
26 5 11 81.77 0.07 81.68 0.11 81.63 0.17 536.0 11.7148
26 S 12 79.66 0.07 79.62 0.05 79.56 0.12 763.9 13.159
26 S 13 77.58 0.07 77.61 ！0.011 77.56 0.03 7014.6 12.533
27 5 2 101.144 0.07 101.35 0.09 101125 0.19 797.3 14.802
27 5 14 914.37 0.07 914.37 0.00 94.27 0.10 576.7 13.198
27 5 114 75.18 0.15 75.06 0.16 714.98 0.26 1420.9 9.752
27 5 15 73.143 0.15 73.145 ！0.03 73.38 0.07 680.1 12.1495
27 5 16 71.60 0.15 71.82 ！0.31 71.76 ！0.22 625.0 11.971
28 5 5 91.39 0.07 91.19 0.21 91.09 0.33 683.8 13.2414
28 S 6 88.61 0.07 88.147 0.15 88.37 0.27 756.4 13.555
28 5 10 78.59 0.07 78.47 0.16 78.40 0.211 762.0 13.264
28 5 11 76.75 0.07 76.78 ！0.04 76.72 0.014 288.0 5.868
29 S 1 97.014 0.10 96.99 0.05 96.89 0.16 7314.5 15.708
30 S 3 90.61 0.07 90.149 0.13 90.39 0.24 715.6 15.3911
30 S 7 79.69 0.07 79.69 0.01 79.61 0.10 848.0 114.177
30 S 8 77.52 0.07 77.53 ！0.02 77.146 0.07 798.1 13.5914
32 5 1 90.03 0.07 89.94 0.10 89.93 0.11 89.8 11.653
33 S 6 77.00 0.10 76.82 0.24 76.75 0.33 606.6 14.012
314 5 1 83.83 0.10 83.76 0.08 83.68 0.18 630.0 20.0 754.0 15.822
0 T 2 2636.38 0.08 2637.145 ！0.O~4 2639.140 ！0.11 250.11 9.179
0 T 3 1705.95 0.15 1706.07 ！0.01 1707.61 ！0.10 2140.0 7.613
O T 14 1305.92 0.07 1306.11 ！0.01 1307.55 ！0.13 228.2 6.796
O T 5 1075.98 0.12 1077.314 ！0.13 1078.79 ！0.26 216.14 6.233
O T 6 925.814 0.09 926.96 ！0.12 928.145 ！0.28 205.14 5.826
O T 7 819.31 0.08 819.22 0.01 820.77 ！0.18 195.6 5.528
O T 8 736.86 0.20 737.142 ！0.08 739.03 ！0.29 170.0 20.0 187.1 5.3014
0 T 9 671.80 0.20 672.69 ！0.13 6714.35 ！0.38 180.0 20.0 179.7 5.132
O T 10 618.97 0.20 619.88 ！0.15 621.59 ~0.142 173.3 4.995
O T 12 538.05 0.20 538.25 ！O.O~l 540.05 ！0.37 162.9 14.7914
O T 13 506.07 0.20 505.814 0.05 507.67 ！0.32 158.8 4.720
0 T i~4 1477.53 0.20 1477.149 0.01 1479.35 ！0.38 155.3 14.659
O T 16 1430.01 0.20 1430.08 ！0.02 1432.00 ！0.146 1149.5 11.567
O T 17 1410.214 0.20 410.00 0.06 ｀411.93 ~0.141 1147.2 14.533
O T 18 391.82 0.20 391.83 ！0.00 393.77 ！0.50 1145.2 14.505
O T 20 360.03 0.08 360.16 ！0.03 362.11 ！0.58 141.9 ｀4.462
O T 21 3146.50 0.08 3146.25 0.07 3148.20 ~0.149 1110.5 14.14147
O T 22 333.69 0.08 333.141 0.08 335.37 ！0.50 1114.0 20.0 139.3 14.1434
O T 23 321.70 0.08 321.52 0.05 323.148 ！0.55 138.3 14.1423
0 T 214 310.63 0.07 310.148 0.05 312.143 ！0.58 137.14 ~4.4114
O T 25 300.37 0.06 300.18 0.06 302.13 ！0.59 110.0 23.0 136.6 14.1407
OT 26 29O.77O.06 290.56 0.07 292.50！0.60 113.022.3 135.9 14.1402
O T 27 281.75 0.06 281.55 0.07 283.148 ！0.61 115.0 21.11 135.2 14.397
O T 28 273.27 0.06 273.09 0.07 275.01 ~0.614 116.0 20.0 1314.7 14.393
O T 29 265.30 0.06 265.12 0.07 267.014 ！0.65 115.0 18.0 1314.2 14.390
O T 30 257.76 0.06 257.62 0.06 259.52 ！0.68 113.0 16.1 133.7 14.388
0 T 31 250.66 0.06 250.53 0.05 252.142 ！0.70 112.0 15.0 133.3 14.386
O T 32 2143.95 0.06 243.82 0.05 2145.70 ！0.72 112.0 15.2 133.0 14.385
O T 33 237.59 0.05 237.146 0.05 239.33 ！0.73 112.0 16.5 132.7 14.3814
O T 34 231.56 0.05 231.143 0.06 233.29 ！0.75 113.0 18.3 132.14 4.383
O T 35 225.83 0.05 225.70 0.06 227.514 ！0.76 113.0 20.0 132.2 4.382
0 T 36 220.37 0.05 220.214 0.06 222.07 ！0.77 113.0 21.2 132.0 4.382
O T 37 215.17 0.05 215.05 0.06 216.86 ！0.79 112.0 22.0 131.8 4.382
O T 38 210.21 0.05 210.09 0.06 211.90 ！0.80 111.0 22.5 131.7 14.382
O T 39 205.147 0.05 205.35 0.06 207.15 ！0.82 111.0 22.8 131.5 14.381
O T 40 200.95 0.05 200.83 0.06 202.61 ！0.83 111.0 23.0 131.4 14.382
O T 41 196.60 0.05 196.50 0.05 198.26 ！0.85 112.0 23.3 131.3 11.382
O T 42 192.50 0.05 192.35 0.08 1914.10 ！0.83 113.0 23.6 131.2 4.382
O T 143 188.51 0.05 188.38 0.07 190.12 ！0.85 115.0 23.9 131.2 4.382
O T 1414 1814.70 0.05 184.56 0.08 186.29 ！0.86 117.0 214.2 131.1 4.382
O T 145 181 .011 0.05 180.89 0.08 182.61 ！0.87 119.0 24.5 131.1 4.382
O T 146 177.52 0.05 177.37 0.08 179.07 ！0.87 121.0 214.8 131.1 14.383
O T 147 174.10 0.05 173.99 0.06 175.68 ！0.91 122.0 25.0 131.1 14.383
O T 148 170.87 0.05 170.72 0.09 172.140 ！0.90 .123.0 25.1 131.1 14.383
O T 49 167.73 0.05 167.58 0.09 169.25 ！0.90 123.0 25.1 131.1 14.383
O T 50 1614.70 0.05 1614.56 0.09 166.21 ！0.91 122.0 25.1 131.1 14.3814
0 T 51 161.78 0.05 161.611 0.09 163.27 ！0.92 121.0 25.1 131.1 4.3814
O T 52 158.95 0.05 158.82 0.08 160.1414 ~0.914 120.0 25.0 131.1 4.384
O T 53 156.23 0.05 156.10 0.09 157.71 ！0.95 119.0 25.0 131.2 14.3814
0 T 514 153.59 0.05 153.46 0.08 155.07 ！0.96 118.0 25.0 131.3 14.3814
O T 55 151.04 0.05 150.92 0.08 152.51 ！0.97 117.0 25.0 131.3 14.385
O T 56 1148.57 0.05 1148.46 0.07 150.014 ！0.99 116.0 25.1 131.4 4.385
O T 57 146.19 0.05 1146.08 0.08 1147.614 ！0.99 116.0 25.1 131.4 14.385
O T 58 1143.87 0.05 143.77 0.07 1145.33 ！1.01 115.0 25.5 131.5 4.385
0 T 59 1141.63 0.05 1141.514 0.07 1143.08 ！1.02 115.0 25.8 131.6 14.385
O T 60 139.116 0.05 139.37 0.06 140.90 ！1.03 116.0 26.2 131.7 14.385
O T 61 137.35 0.05 137.27 0.06 138.79 ！1.05 116.0 26.6 131.8 14.385
O T 62 135.30 0.06 135.23 0.05 136.74 ！1.07 116.0 27.1 131.9 14.385
O T 63 133.32 0.06 133.25 0.05 1311.75 ！1.07 117.0 27.6 132.0 14.385
O T 614 131.39 0.06 131.33 0.05 132.82 ！1.09 117.0 28.1 132.1 14.385
O T 65 129.51 0.06 129.46 0.04 130.94 ！1.10 118.0 28.7 132.3 14.385
O T 66 127.69 0.06 127.65 0.03 129.12 ！1.12 118.0 29.3 132.14 4.385
O T 67 125.92 0.07 125.88 0.03 127.314 ！1.13 119.0 30.0 132.5 14.385
1 T 2 756.57 0.08 757.50 ！0.12 757.514 ！0.13 256.14 4.103
1 T 3 695.18 0.07 694.86 0.05 6914.95 0.03 252.9 5.361
1 T 6 519.09 0.06 519.32 ~0.014 519.45 ！0.07 242.2 7.102
1 T 7 475.17 0.13 475.33 ！0.03 475.47 ！0.06 238.0 20.0 237.3 7.112
1 T 8 1438.149 0.05 438.55 ！0.01 438.70 ！0.05 232.1 6.979
1 T 9 407.74 0.07 407.75 ！0.00 407.91 ！0.04 227.3 6.790
1 T 10 381.65 0.10 381.68 ！0.01 381.814 ！0.05 223.3 6.607
1 T 11 359.13 0.05 359.28 ~0.014 359.145 ！0.09 220.0 6.14511
1 T 12 339.514 0.06 339.76 ！0.07 339.93 ！0.12 195.0 20.0 217.14 6.3314
1 T 13 322.814 0.12 322.53 0.10 322.70 0.014 215.1 6.240
1 T 15 293.35 0.05 293.314 0.00 293.51 ！0.06 211.3 6.097
1 T 16 280.56 0.05 280.84 ！0.10 281.00 ！0.16 209.14 6.036
1 T 17 269.51 0.05 269.147 0.02 269.63 ！0.04 207.3 5.977
1 T 18 259.00 0.05 259.08 ！0.03 259.24 ！0.09 205.2 5.919
1 T 19 249.141 0.05 2149.55 ！0.06 249.71 ！0.12 195.0 20.0 202.9 5.860
1 T 20 240.88 0.05 240.79 0.014 2140.95 ！0.03 200.14 5.800
1.T 21 232.53 0.05 232.70 ！0.07 232.86 ~0.114 197.8 5.7140
1 T 22 225.22 0.05 225.21 0.00 225.37 ！0.07 195.2 5.678
iT 23 218.31 0.05 218~26 0.0? 218.113！0.05 182.0 20.0 192.14 5.617
1 T 214 211.91 0.05 211.80 0.05 211.96 ！0.03 1611.0 20.0 189.6 5.555
iT 25 205.80 0.05 205.78 0.01 205.911！0.07 192.0 20.0 186.7 5.1493
1 T 26 200.24 0.05 200.15 0.05 200.31 ！O.O~4 183.9 5.432
1 T 27 194.83 0.05 1914.87 ！0.02 195.04 ！0.11 181.0 5.373
1 T 28 189.911 0.05 189.93 0.01 190.09 ！0.08 178.2 5.3114
1 T 29 185.26 0.05 185.27 ！0.00 185.43 ！0.09 175.5 5.257
1 T 30 180.80 0.05 180.88 ！0.05 181.05 ！0.14 172.9 5.203
1 T 31 176.85 0.07 176.714 0.06 176.90 ！0.03 170.14 5.150
1 T 32 172.98 0.05 172.82 0.09 172.99 ！0.01 168.0 5.100
1 T 33 169.22 0.05 169.11 0.06 169.27 ！0.03 165.8 5.053
1 T 314 165.72 0.05 165.59 0.08 165.75 ！0.02 163.6 5.008
1 T 35 162.34 0.05 162.23 0.06 162.140 ~0.014 161.6 ｀4.966
1 T 36 159.09 0.05 159.04 0.014 159.20 ！0.07 159.7 4.927
1 T 37 156.03 0.05 155.99 0.03 156.15 ！0.08 157.9 14.890
1 T 38 153.13 0.05 153.08 0.04 153.24 ！0.07 156.3 4.856
1 T 39 150.26 0.05 150.29 ！0.02 150.45 ！0.12 154.7 4.825
1 T 40 147.63 0.05 1117.62 0.01 1147.78 ！0.10 153.3 14.795
1 T 41 145.05 0.05 1115.05 0. 1¨45.22 ！0.11 152.0 14.768
1 T 42 142.60 0.05 142.59 0.00 1142.75 ！0.11 150.8 14.743
1 T 43 140.21 0.05 140.22 ！0.01 1140.38 ！0.12 149.6 4.720
1 T 145 135.64 0.214 135.74 ！0.08 135.90 ！0.19 147.7 4.680
1 T ｀46 133.63 0.05 133.62 0.01 133.78 ！0.11 1146.8 14.662
1 T 47 131.54 0.05 131.57 ！0.03 131.73 ！0.15 1116.0 4.646
1 T 48 129.56 0.05 129.59 ！0.02 129.75 ！0.15 1145.3 4.631
1 T 49 127.72 0.05 127.68 0.03 127.83 ！0.09 11414.6 4.618
1 T 50 125.92 0.10 125.82 0.08 125.98 ！0.05 1414.0 4.605
1 T 51 1214.18 0.10 124.02 0.12 124.18 ！0.00 143.14 4.594
1 T 52 122.26 0.10 122.28 ！0.02 122.1414 ！O.i¨l 1142.9 11.583
1 T 514 118.99 0.10 118.95 0.03 119.10 ！0.09 1112.0 ｀4.565
1 T 57 1114.141 0.10 1114.30 0.09 114.145 _o.014 1140.9 ~4.5~42
1 T 58 112.92 0.10 112.811 0.07 112.99 ！0.06 1140.6 14.536
1 7 59 111.40 0.10 111.141 ！0.01 111.56 ~0.111 1314.0 20.0 1140.14 4.530
1 T 60 110.214 0.10 110.02 0.20 110.17 0.07 140.1 14.5214
1 T 62 107.44 0.10 107.35 0.09 107.149 ！0.05 138.0 20.0 139.8 14.5114
1 T 64 1014.914 0.10 104.81 0.13 1014.95 ！0.01 139.14 14.506
1 T 66 102.59 0.10 102.39 0.20 102.53 0.06 139.2 14.498
2 T 4 420.46 0.07 1120.19 0.06 1420.21 0.06 209.14 3.803
2 T 7 363.65 0.07 363.14 0.114 363.19 0.13 223.14 6.092
2 T 8 3143.34 0.06 3143.17 0.05 3143.22 0.014 229.2 6.697
2 7 17 219.95 0.05 220.03 ！0.03 220.06 ！0.05 235.6 6.844
2 T 18 211.90 0.05 212.10 ！0.10 212.13 ！0.11 233.6 6.738
2 T 19 2014.63 0.05 2014.83 ！0.10 2014.86 ！0.11 231.6 6.6146
2 T 21 191.91 0.05 191.91 ！0.00 191.94 ！0.01 227.3 6.1494
2 T 22 186.19 0.05 186.114 0.03 186.16 0.02 225.2 6.1430
2 T 25 171.12 0.12 170.98 0.08 171.00 0.07 219.3 6.266
2 T 26 166.50 0.05 166.5Z1 ！0.02 166.55 ！0.03 217.5 6.220
2 T 28 158.142 0.05 158.38 0.03 158.140 0.02 2114.3 6.137
2 7 29 154.614 0.05 154.63 0.00 154.65 ！0.01 212.9 6.100
2 T 31 147.71 0.05 147.70 0.01 147.71 ！0.00 210.3 6.033
2 7 32 1144.59 0.06 1144.149 0.07 11414.50 0.06 209.1 6.001
2 T 33 141.54 0.05 141.113 0.08 1141.44 0.07 207.9 5.970
2 7 34 138.62 0.05 138.51 0.08 138.52 0.07 206.7 5.939
2 T 35 ｀135.73 0.05 135.72 0.00 135.73 ！0.00 205.6 5.908
2 7 36 133.114 0.05 133.06 0.06 133.07 0.06 183.0 20.0 2014.4 5.877
2 7 38 128.15 0.05 128.08 0.05 128.08 0.05 172.0 20.0 201.8 5.812
2 7 140 123.56 0.05 123.50 0.05 123.51 0.05 199.0 5.7142
2 T 41 121 .143 0.05 121.36 0.06 121.36 0.06 197.14 5.705
2 T 144 115.149 0.05 115.42 0.06 115.142 0.06 192.3 5.586
2 7 47 110.22 0.05 110.15 0.06 110.15 0.07 182.0 20.0 186.6 5.458
2 T 49 106.98 0.05 106.96 0.02 106.95 0.03 207.0 20.0 182.7 5.370
2 T 51 104.01 0.05 103.99 0.02 103.99 0.02 178.0 20.0 178.6 5.282
2 T 52 102.60 0.05 102.59 0.01 102.58 0.02 162.0 20.0 176.7 5.239
2 T 514 99.93 0.05 99.92 0.01 99.91 0.02 172.8 5.156
2 T 55 98.61 0.05 98.65 ！0.04 98.65 ！0.011 170.9 5.116
2 T 56 97.140 0.05 97.143 ！0.03 97.142 ！0.02 169.1 5.077
2 T 58 95.08 0.05 95.09 ！0.01 95.08 ！0.00 165.6 5.004
2 T 61 91.85 0.05 91.814 0.01 91.814 0.02 160.9 ｀4.907
3 7 9 259.26 0.07 259.48 ！0.09 259.148 ！0.08 233.9 5.1454
3 T ii 2140.149 0.07 240.86 ！0.15 2140.86 ！0.15 2140.1 6.1439
3 T 18 184.09 0.07 1814.26 ！0.09 1814.25 ！0.09 236.3 7.317
3 T 19 178.13 0.05 178.31 ！0.10 178.30 ！0.10 232.8 7.156
3 T 20 172.714 0.05 172.85 ！0.07 172.85 ！0.06 229.5 7.004
3 T 21 167.69 0.05 167.82 ！0.08 167.81 ！0.07 226.7 6.873
3 T 214 1514.67 0.05 1514.70 ！0.02 154.68 ！0.01 221.14 6.628
3 T 26 147.11 0.05 1147.20 ！0.06 1147.18 ！0.05 219.9 6.5146
3 T 27 1143.67 0.05 1143.74 ！0.05 143.73 _O.014 219.5 6.517
3 T 28 140.40 0.05 1140.46 ！0.014 1140.1414 ！0.03 219.2 6.492
3 T 29 137.21 0.05 137.33 ！0.08 137.31 ！0.07 219.1 6.470
3 T 30 1314.23 0.05 1314.35 ！0.09 134.33 ！0.07 215.0 20.0 219.0 6.448
3 T 31 131.37 0.05 131.50 ！0.10 131.48 ！0.09 218.9 6.427
3 T 32 128.68 0.05 128.78 ！0.08 128.76 ！0.06 218.7 6.1405
3 T 33 126.16 0.05 126.18 ！0.02 126.16 ！0.00 218.5 6.382
3 T 34 123.75 0.05 123.70 0.04 123.68 0.06 218.3 6.358
3 T 37 116.89 0.05 116.814 0.014 116.82 0.06 217.0 6.277
3 T 38 114.66 0.05 1114.74 ！0.07 114.72 ！0.05 216.4 6.2148
3 7 14~ 108.87 0.05 108.92 ！0.05 108.90 ！0.03 2114.2 6.157
3 T 42 107.011 0.05 107.13 ！0.08 107.10 ！0.06 213.4 6.127
3 T 46 100.56 0.05 100.58 ！0.02 100.56 0.00 210.2 6.015
3 T 147 99.08 0.05 99.09 ！0.01 99.06 0.02 209.5 5.990
3 T 54 89.90 0.07 89.86 0.014 89.84 0.07 206.1 5.851
3 7 57 86.41 0.07 86.146 ！0.06 86.144 ！0.03 205.0 5.803
3 T 58 85.33 0.07 85.39 ！0.07 85.37 ！0.014 204.6 5.786
3 7 59 814.35 0.07 84.35 ！0.00 814.33 0.03 2014.2 5.769
3 T 62 81.1414 0.07 81.39 0.06 81.37 0.09 202.6 5.713
3 7 65 78.69 0.07 78.66 0.03 78.614 0.06 200.14 5.647
3 T 68 76.19 0.07 76.114 0.06 76.12 0.09 197.14 5.568
3 T 69 75.142 0.07 75.35 0.10 75.32 0.13 196.3 5.539
3 T 72 73.16 0.07 73.08 0.11 73.06 0.114 192.3 5.446
3 7 73 72.36 0.07 72.36 0.00 72.34 0.03 190.8 5.413
14 7 11 199.714 0.15 200.114 ！0.20 200.10 ！0.18 221.1 4.726
4 T 20 155.64 0.15 155.75 ！0.07 155.72 ！0.05 231.7 7.1182
14 T 21 151.15 0.15 151.33 ！0.12 151.30 ！0.10 232.2 7.493
4 T 25 136.30 0.15 136.18 0.09 136.15 0.11 231.6 7.162
14 T 27 - 130.03 0.15 129.91 0.09 129.88 0.11 231.1 6.998
4 T 40 101.27 0.07 101.43 ！0.16 101.39 ！0.12 219.9 6.352
14 T 141 99.71 0.07 99.82 ！0.11 99.79 ！0.08 219.0 6.320
4 T 145 93.79 0.07 93.94 ！0.16 93.90 ！0.12 217.3 6.231
｀4 7 47 91.11 .0.07 91.27 ！0.18 91.24 ！0.14 217.3 6.206
4 T 50 87.46 0.07 87.56 ！0.11 87.52 ！0.07 217.9 6.185
4 T 54 82.95 0.07 83.06 ！0.14 83.03 ！0.10 219.1 6.164
14 T 62 75.146 0.45 75.38 0.10 75.36 0.14 219.0 6.082
14 7 614 73.77 0.07 73.70 0.10 73.68¨ 0.13 218.2 6.051
4 T 65 72.914 0.07 72.89 0.07 72.86 0.10 217.6 6.0314
4 T 67 71.07 0.147 71.32 ！0.35 71.30 ！0.32 216.5 5.998
14 T 80 63.06 0.45 62.77 0.145 62.76 0.48 206.5 5.740
4 T 90 57.69 0.145 57.67 0.03 57.66 0.05 197.8 5.516
11 T 95 55.43 0.45 55.149 ！0.11 55.48 ！0.09 192.1 5.381
4 T 97 54.95 0.145 54.68 0.50 54.66 0.52 189.6 5.323
4 7 98 514.50 0.145 514.28 0.141 514.27 0.143 188.3 5.294
14 T 99 53.914 0.145 53.89 0.08 53.88 0.10 187.0 5.265
5 7 38 97.11 0.07 97.25 ！0.15 97.21 ！0.10 2214.5 6.5814
5 7 40 94.12 0.07 914.24 ！0.13 94.20 ！0.08 225.4 6.569
5 7 14~ 92.65 0.07 92.80 ！0.16 92.76 ！0.12 226.1 6.568
5 T 142 91.34 0.07 91.141 ！0.07 91.37 ！0.03 227.0 6.569
5 T 43 89.97 0.07 90.05 ！0.09¨ 90.02 ！0.05 227.9 6.572
5 T 414 88.614 0.07 88.74 ！0.11 88.71 ！0.07 228.9 6.575
5 T 45 87.47 0.07 87.146 0.01 87.143 0.05 229.8 6.576
5 T 146 86.26 0.07 86.22 0.014 86.19 0.08 230.7 6.577
5 T 47 85.08 0.07 85.02 0.07 84.99 0.11 231.5 6.575
5 7 50 81.60 0.07 81.60 0. 81.57 0.04 233.1 6.554
5 T 51 80.55 0.07 80.52 0.03 80.50 0.07 233.4 6.541
5 T 52 79.52 0.07 79.148 0.05 79.45 0.09 233.4 6.526
5 7 55 76.52 0.07 76.51 0.01 76.149 0.014 232.6 6.462
5 7 56 75.67 0.07 75.58 0.12 75.55 0.15 232.0 6.1436
5 T 57 714.75 0.07 714.68 0.10 74.65 0.14 231.2 6.1408
5 T 60 72.13 0.42 72.10 0.014 72.08 0.07 228.3 6.3114
5 7 77 60.87 0.142 60.80 0.11 60.78 0.114 212.3 5.884
5 7 79 59.69 0.42 59.73 ！0.07 59.71 ！0.03 211.7 5.8614
5 T 105 148.79 0.142 48.76 0.07 ｀48.75 0.09 2014.9 5.720
5 T 107 147.94 0.145 148.09 ！O~31 48.08 ！0.29 2014.1 5.702
5 T 109 147.68 0.43 147.144 0.50 117.143 0.52 203.3 5.680
5 T 110 147.23 0.42 117.12 0.23 ｀47.11 0.25 202.8 5.667
5 T 111 146.77 0.42 146.81 ！0.09 146.80 ！0.07 202.2 5.653
5 T 118 1411.68 0.142 44.76 ！0.18 44.7s ！0.17 197.0 5.519
6 7 314 97.13 0.07 97.14 ！0.01 97.10 0.03 233.1 7.138
6 T 35 95.46 0.07 95.149 ！0.04 95.146 0.01 233.7 7.081
6 7 37 92.29 0.07 92.39 ！0.11 92.35 ！0.07 235.6 7.007
6 T 141 86.70 0.07 86.80 ！0.11 86.76 ！0.07 239.9 6.941
6 T 145 81.85 0.07 81.88 ！0.04 81.85 ！0.01 2141.7 6.868
6 T 147 79.71 0.07 79.65 0.07 79.62 0.11 2141.3 6.811
6 7 49 77.65 0.07 77.56 0.12 77.53 0.15 239.9 6.7140
6 T 71 60.82 0.140 60.98 ！0.26 60.96 ！0.23 223.3 6.201
6 7 72 60.12 0.40 60.41 ！0.48 60.39 ~0.1414 223.5 6.200
6 7 81 56.02 0.110 55.72 0.514 55.70 0.57 222.9 6.11414
6 7 89 51.97 0.110 52.18 ~0.140 52.16 ！0.37 218.0 6.027
6 T 91 51.38 0.140 51.37 0.01 51.36 0.014 216.7 5.997
6 7 92 51.02 0.140 50.98 0.09 50.96 0.12 216.1 5.982
6 T 98 148.62 0.40 148.76 ！0.29 148.75 ！0.26 212.9 5.9d3
6 T 117 ｀ 43.214 0.140 42.98 0.62 ｀42.96 0.65 207.2 5.7214
6 T 125 140.98 0.110 40.97 0.014 ｀40.96 0.06 2014.5 5.667
6 T 131 39.67 0.140 39.59 0.19 39.58 0.21 202.14 5.628
6 T 132 39.143 0.140 39.37 0.14 39.37 0.16 202.1 5.620
6 7 1141 37.36 0.140 37.52 ~0.141 37.51 ~0.140 197.9 5.526
6 7 145 36.89 0.140 36.76 0.35 36.76 0.37 195.2 5.1460
6 T 149 35.90 0.40 36.04 _0.141 36.04 ！0.39 191.9 5.379
6 T 154 35.19 0.140 35.20 ~0.014 35.19 ！0.02 186.9 5.259
6 T 163 33.71 0.140 33.82 ！0.32 33.82 ！0.31 176.8 5.020
7 T 8 129.66 0.38 129.58 0.06 129.50 0.13 211.2 2.097
7 T 314 ｀91.46 0.10 91.414 0.02 91.40 0.06 246.6 7.701.
7 7 38 85.45 0.10 85.47 ！0.02 85.1411 0.01 2149.5 7.14914
7 T 140 82.84 0.10 82.85 ！0.01 82.82 0.03 2118.6 7.313
7 T 42 80.51 0.10 80.414 0.09 80.141 0.13 2146.9 7.1119
7 7 145 77.23 0.10 77.16 0.09 77.13 0.13 2142.8 6.938
7 T 46 76.18 0.10 76.114 0.05 76.11 0.09 241.1 6.8714
7 T 148 74.28 0.10 74.22 0.09 714.18 0.13 237.6 6.757
7 7 49 73.36 0.10 73.30 0.08 73.27 0.13 235.9 6.704
7 T 66 60.54 0.38 60.91 ！0.61 60.88 ！0.57 232.6 6.1488
7 T 77 514.70 0.38 55.00 ！0.54 514.98 ！0.50 227.2 6.300
7 T 81 53.014 0.38 53.16 ~0.211 53.15 ！0.21 223.8 6.219
7 T 82 52.76 0.38 52.73 0.06 52.71 0.09 223.1 6.202
7 T 83 52.15 0.38 52.30 ！0.29 52.28 ！0.26 222.5 6.188
7 T 102 45.31 0.38 145.38 ~0.114 145.37 ！0.11 222.14 6.098
7 7 106 144.26 0.38 414.16 0.22 ~414.i5 0.25 221.1 6.051
7 7 109 43.12 0.38 113.29 ~0.111 143.28 ！0.38 219.14 6.005
7 7 130 38.33 0.38 38.22 0.29 38.21 0.32 207.7 5.726
7 T 144 35.65 0.38 35.51 0.39 35.50 0.111 206.0 5.679
7 7 151 311.43 0.38 34.30 0.37 314.30 0.39 204.1 5.6143
7 T 152 34.23 0.38 314.114 0.27 314.13 0.29 203.8 5.637
7 7 165 32.18 0.38 32.15 0.12 32.14 0.13 197.4 5.1491
7 7 178 30.45 0.38 30.143 0.06 30.113 0.07 186.7 5.228
7 T 187 29.37 0.38 29.40 ！0.09 29.40 ！0.08 177.3 5.023
7 T 191 28.75 0.38 28.97 ！0.79 28.97 ！0.79 ｀ 173.0 14.940
8 7 9 113.82 0.38 113.88 ！0.06 113.79 0.03 202.3 1.967
8 T 114 109.65 0.38 110.02 ！0.34 109.93 ！0.26 2014.9 2.957
8 7 75 53.33 0.38 53.59 ！0.50 53.57 ！0.46 227.6 6.391
8 T 88 147.99 0.38 48.23 ~0.149 48.21 ！0.46 ｀ 231.3 6.393
8 7 92 146.70 0.38 46.79 ！0.19 146.77 ！0.15 231.6 6.362
8 T 93 46.58 0.38 46.44 0.29 46.143 0.32 231.14 6.348
8 T 94 ｀46.09 0.38 46.10 ！0.02 146.09 0.01 230.9 6.332
8 T 95 145.64 0.38 45.77 ！0.29 45.75 ！0.26 230.4 6.314
8 T 116 39.88 0.38 39.92 ！0.10 39.91 ！0.06 217.14 5.977
8 T 121 38.79 0.38 38.76 0.08 38.75 0.11 219.3 6.003
8 7 123 38.15 0.38 38.32 ！0.42 38.30 ！0.39 220.1 6.013
8 T 125 37.85 0.38 37.88 ！0.06 37.87 ！0.03 220.7 6.019
8 T 173 30.10 0.38 30.014 0.21 30.03 0.22 199.2 5.551
8 T 188~ 28.26 0.38 28.26 ！0.02 28.26 ！0.01 195.7 5.585
8 T 193 27.70 0.38 27.72 ！0.07 27.72 ！0.06 193.14 5.552
8 T 195 27.45 0.38 27.51 ！0.22 27.51 ！0.21 192.3 5.530
8 7 202 26.84 0.38 26.80 0.13 26.80 O.i~4 187.4 5.1413
8 T 212 25.92 0.38 25.89 0.13 25.89 0.114 178.9 5.163
8 T 216 25.143 0.38 25.55 ！0.49 25.55 ！0.49 175.3 5.052
9 T 10 101.29 0.37 101.63 ！0.34 101.55 ！0.26 213.3 2.032
9 T 84 47.69 0.37 47.82 ！0.28 47.80 ！0.25 237.9 6.579
9 7 99 142.76 0.37 142.91 ！0.36 42.89 ！0.31 223.6 6.188
9 T 103 41.76 0.37 41.80 ！0.11 41.79 ！0.07 223.3 6.171
9 T 1014 141.67 0.37 141.53 0.314 41.52 0.38 223.7 6.175
9 T 105 41.24 0.37 41.27 ！0.08 ~41.25~0.014 224.2 6.182
9 T 106 ｀40.86 0.37 141.01 ！0.36 40.99 ！0.32 224.8 6.191
9 T 130 35.59 0.37 35.58 0.04 35.57 0.07 219.9 6.019
9 T 135 34.77 0.37 34.66 0.32 34.65 0.35 214.8 5.891
9 T 136 314.51 0.37 314.148 0.08 34.47 0.12 2114.1 5.870
9 T 138 34.08 0.37 314.14 ！0.18 34.13 ！0.15 212.9 5.835
9 7 1140 33.814 0.37 33.80 0.12 33.79 0.15 212.1 5.810
9 T 183 28.05 0.37 27.92 0.46 27.92 0.148 198.9 5.661
9 7 185 27.76 0.37 27.70 0.20 27.70 0.22 198.3 5.642
9 T 194 26.83 0.37 26.77 0.21 26.77 0.22 196.9 5.566
9 T 211 25.19 0.37 25.19 ！0.01 25.19 ！0.00 195.6 5.461
9 T 217 214.65 0.37 24.68 ！0.15 214.68 ！0.15 194.5 5.1423
9 7 220 214.33 0.37 214.414 ！0.45 214.44 ~0.414 193.6 5.399
9 7 229 23.68 0.37 23.714 ！0.23 23.74 ！0.23 189.4 5.299
9 T 237 23.19 0.37 23.16 0.114 23.16 0.14 183.5 5.167
9 T 241 22.81 0.37 22.89 ！0.32 22.89 ！0.32 180.1 5.089
10 T 11 91.24 0.36 91.07 0.19 91.00 0.26 228.9 2.045
10 7 18 87.29 0.36 87.41 ！0.114 87.35 ！0.07 231.1 3.182
10 7 109 38.80 0.36 38.90 ！0.25 38.88 ！0.22 236.8 6.1453
10 T 113 38.03 0.36 37.95 0.22 37.93 0.26 233.9 6.386
10 T 115 37.70 0.36 37.49 0.55 37.48 0.58 231.6 6.334
10 7 117 37.10 0.36 37.06 0.11 37.04 0.114 229.0 6.276
10 T 118 36.78 0.36 36.814 ！0.17 36.83 ~0.114 227.7 6.21414
10 T 1314 314.01 0.36 33.82 0.57 33.80 0.60 220.3 6.000
10 T 11414 32.16 0.36 32.17 ！0.03 32.16 0. 221.9 6.055
10 T 1149 31.52 0.36 31.140 0.36 31.140 0.39 219.0 6.035
10 T 152 30.914 0.36 30.96 ！0.09 30.96 ！0.07 216.5 6.007
10 T 15~4 30.75 0.36 30.68 0.22 30.67 0.214 214.7 5.985
10 T 199 25.79 0.36 25.514 0.95 25.511 0.97 203.1 5.6114
10 T 202 25.142 0.36 25.27 0.57 25.27 0.59 201.8 5.5714
10 T 210 214.79 0.36 214.58 0.83 214.58 0.811 199.7 5.511
10 T 213 214.52 0.36 214.33 0.76 214.33 0.77 199.3 5.502
10 T 2111 24.314 0.36 2~4.25 0.37 211.25 0.38 199.2 5.500
10 T 233 22.81 0.36 22.81 0.02 22.81 0.02 195.9 5.1480
10 T 245 21.85 0.36 21.99 ！0.62 21.99 ！0.63 191.7 5.395
10 T 262 20.98 0.36 20.95 0.114 20.95 0.12 182.9 5.167
10 7 265 20.75 0.36 20.78 ~0.114 20.78 ！0.16 180.9 5.119
11 7 13 82.63 0.35 82.29 0.141 82.21 0.50 221.9 2.067
11 T 20 79.27 0.35 79.37 ！0.12 79.29 ！0.03 219.9 3.035
12 T 114 75.81 0.35 75.74 0.09 75.67 0.19 216.1 2.021
12 T 22 72.62 0.35 72.91 ！0.39 72.814 ！0.31 220.9 3.108
13 T 15 70.011 0.35 69.97 0.10 69.91 0.19 226.5 2.062
13 7 24 67.02 0.35 67.19 ！0.26 67.114 ！0.18 229.1 3.170
114 7 16 65.10 0.314 614.98 0.19 614.92 0.28 222.2 1.983
114 T 25 62.52 0.314 62.70 ！0.29 62.65 ！0.21 219.7 2.970
15 T 17 60.79 0.314 60.83 ！0.06 60.78 0.03 216.5 1.960
15 7 27 58.33 0.314 58.59 ！O.~45 58.55 ！0.37 222.8 3.0711
16 T 18 57.03 0.314 57.02 0.01 56.98 0.08 229.7 2.035
16 T 29 514.67 0.314 514.77 ！0.19 514.714 ！0.12 2314.3 3.177
17 T 20 53.514 0.314 53.140 0.26 53.36 0.314 228.5 2.081
17 7 31 51.145 0.34 51 .116 ！0.02 51.41 0.06 223.9 3.0148
18 T 21 50.59 0.33 50.53 0.11 50.148 0.20 216.8 1.961
18 T 33 148.58 0.33 48.69 ！0.23 148.65 ~0.111 222.2 3.028